         Sxx,       Exx,       Po,       Sm,       Ev         J2d,     Eyy,     
 Ezz 
 -1.0000E+02 -4.4444E-03 -1.1400E+02 -1.0000E+02  0.0000E+00  0.0000E+00 -4.4444E-03 -4.4444E-03
 -1.0000E+02 -4.4444E-03 -1.1400E+02 -1.0000E+02  0.0000E+00  0.0000E+00 -4.4444E-03 -4.4444E-03
 -1.0000E+02 -4.4444E-03 -1.1400E+02 -1.0000E+02  0.0000E+00  0.0000E+00 -4.4444E-03 -4.4444E-03
 -1.0000E+02 -4.4444E-03 -1.1400E+02 -1.0000E+02  0.0000E+00  0.0000E+00 -4.4444E-03 -4.4444E-03
 -1.0000E+02 -4.4444E-03 -1.1400E+02 -1.0000E+02  0.0000E+00  0.0000E+00 -4.4444E-03 -4.4444E-03
 -1.0000E+02 -4.4444E-03 -1.1400E+02 -1.0000E+02  0.0000E+00  0.0000E+00 -4.4444E-03 -4.4444E-03
 -1.0000E+02 -4.4444E-03 -1.1400E+02 -1.0000E+02  0.0000E+00  0.0000E+00 -4.4444E-03 -4.4444E-03
 -1.0000E+02 -4.4444E-03 -1.1400E+02 -1.0000E+02  0.0000E+00  0.0000E+00 -4.4444E-03 -4.4444E-03
 -1.0125E+02 -4.5833E-03 -1.1400E+02 -1.0042E+02  0.0000E+00  1.2500E+00 -4.4028E-03 -4.4028E-03
 -1.0250E+02 -4.7222E-03 -1.1400E+02 -1.0083E+02  0.0000E+00  2.5000E+00 -4.3611E-03 -4.3611E-03
 -1.0375E+02 -4.8611E-03 -1.1400E+02 -1.0125E+02  0.0000E+00  3.7500E+00 -4.3194E-03 -4.3194E-03
 -1.0500E+02 -5.0000E-03 -1.1400E+02 -1.0167E+02  0.0000E+00  5.0000E+00 -4.2778E-03 -4.2778E-03
 -1.0625E+02 -5.1389E-03 -1.1400E+02 -1.0208E+02  0.0000E+00  6.2500E+00 -4.2361E-03 -4.2361E-03
 -1.0750E+02 -5.2778E-03 -1.1400E+02 -1.0250E+02  0.0000E+00  7.5000E+00 -4.1944E-03 -4.1944E-03
 -1.0875E+02 -5.4167E-03 -1.1400E+02 -1.0292E+02  0.0000E+00  8.7500E+00 -4.1528E-03 -4.1528E-03
 -1.1000E+02 -5.5556E-03 -1.1400E+02 -1.0333E+02  0.0000E+00  1.0000E+01 -4.1111E-03 -4.1111E-03
 -1.1125E+02 -5.6944E-03 -1.1400E+02 -1.0375E+02  0.0000E+00  1.1250E+01 -4.0694E-03 -4.0694E-03
 -1.1250E+02 -5.8333E-03 -1.1400E+02 -1.0417E+02  0.0000E+00  1.2500E+01 -4.0278E-03 -4.0278E-03
 -1.1375E+02 -5.9722E-03 -1.1400E+02 -1.0458E+02  0.0000E+00  1.3750E+01 -3.9861E-03 -3.9861E-03
 -1.1500E+02 -6.1111E-03 -1.1400E+02 -1.0500E+02  0.0000E+00  1.5000E+01 -3.9444E-03 -3.9444E-03
 -1.1625E+02 -6.2500E-03 -1.1400E+02 -1.0542E+02  0.0000E+00  1.6250E+01 -3.9028E-03 -3.9028E-03
 -1.1750E+02 -6.3889E-03 -1.1400E+02 -1.0583E+02  0.0000E+00  1.7500E+01 -3.8611E-03 -3.8611E-03
 -1.1875E+02 -6.5278E-03 -1.1400E+02 -1.0625E+02  0.0000E+00  1.8750E+01 -3.8194E-03 -3.8194E-03
 -1.2000E+02 -6.6667E-03 -1.1400E+02 -1.0667E+02  0.0000E+00  2.0000E+01 -3.7778E-03 -3.7778E-03
 -1.2125E+02 -6.8056E-03 -1.1400E+02 -1.0708E+02  0.0000E+00  2.1250E+01 -3.7361E-03 -3.7361E-03
 -1.2250E+02 -6.9444E-03 -1.1400E+02 -1.0750E+02  0.0000E+00  2.2500E+01 -3.6944E-03 -3.6944E-03
 -1.2375E+02 -7.0833E-03 -1.1400E+02 -1.0792E+02  0.0000E+00  2.3750E+01 -3.6528E-03 -3.6528E-03
 -1.2500E+02 -7.2222E-03 -1.1400E+02 -1.0833E+02  0.0000E+00  2.5000E+01 -3.6111E-03 -3.6111E-03
 -1.2625E+02 -7.5480E-03 -1.1448E+02 -1.0875E+02 -7.8648E-05  2.6250E+01 -3.5940E-03 -3.5940E-03
 -1.2750E+02 -8.0628E-03 -1.1544E+02 -1.0917E+02 -2.3252E-04  2.7499E+01 -3.5951E-03 -3.5951E-03
 -1.2875E+02 -8.5940E-03 -1.1641E+02 -1.0958E+02 -3.8878E-04  2.8749E+01 -3.5917E-03 -3.5917E-03
 -1.3000E+02 -9.1422E-03 -1.1741E+02 -1.1000E+02 -5.4742E-04  3.0000E+01 -3.5834E-03 -3.5834E-03
 -1.3125E+02 -9.7064E-03 -1.1843E+02 -1.1042E+02 -7.0808E-04  3.1249E+01 -3.5700E-03 -3.5700E-03
 -1.3250E+02 -1.0287E-02 -1.1947E+02 -1.1083E+02 -8.7079E-04  3.2499E+01 -3.5514E-03 -3.5514E-03
 -1.3375E+02 -1.0885E-02 -1.2054E+02 -1.1125E+02 -1.0354E-03  3.3749E+01 -3.5273E-03 -3.5273E-03
 -1.3500E+02 -1.1499E-02 -1.2162E+02 -1.1167E+02 -1.2020E-03  3.4999E+01 -3.4976E-03 -3.4976E-03
 -1.3625E+02 -1.2131E-02 -1.2272E+02 -1.1208E+02 -1.3702E-03  3.6249E+01 -3.4620E-03 -3.4620E-03
 -1.3750E+02 -1.2780E-02 -1.2385E+02 -1.1250E+02 -1.5404E-03  3.7500E+01 -3.4204E-03 -3.4204E-03
 -1.3875E+02 -1.3446E-02 -1.2499E+02 -1.1292E+02 -1.7119E-03  3.8749E+01 -3.3727E-03 -3.3727E-03
 -1.4000E+02 -1.4129E-02 -1.2616E+02 -1.1333E+02 -1.8850E-03  3.9999E+01 -3.3185E-03 -3.3185E-03
 -1.4125E+02 -1.4830E-02 -1.2735E+02 -1.1375E+02 -2.0596E-03  4.1249E+01 -3.2577E-03 -3.2577E-03
 -1.4250E+02 -1.5548E-02 -1.2855E+02 -1.1417E+02 -2.2355E-03  4.2499E+01 -3.1902E-03 -3.1902E-03
 -1.4375E+02 -1.6284E-02 -1.2978E+02 -1.1458E+02 -2.4127E-03  4.3749E+01 -3.1159E-03 -3.1159E-03
 -1.4500E+02 -1.7038E-02 -1.3102E+02 -1.1500E+02 -2.5910E-03  4.4999E+01 -3.0344E-03 -3.0344E-03
 -1.4625E+02 -1.7809E-02 -1.3228E+02 -1.1542E+02 -2.7706E-03  4.6249E+01 -2.9457E-03 -2.9457E-03
 -1.4750E+02 -1.8599E-02 -1.3357E+02 -1.1583E+02 -2.9513E-03  4.7500E+01 -2.8496E-03 -2.8496E-03
 -1.4875E+02 -1.9407E-02 -1.3487E+02 -1.1625E+02 -3.1329E-03  4.8750E+01 -2.7459E-03 -2.7459E-03
 -1.5000E+02 -2.0232E-02 -1.3619E+02 -1.1667E+02 -3.3154E-03  5.0000E+01 -2.6346E-03 -2.6346E-03
 -1.5125E+02 -2.1077E-02 -1.3753E+02 -1.1708E+02 -3.4988E-03  5.1249E+01 -2.5153E-03 -2.5153E-03
 -1.5250E+02 -2.1939E-02 -1.3888E+02 -1.1750E+02 -3.6830E-03  5.2499E+01 -2.3880E-03 -2.3880E-03
 -1.5375E+02 -2.2821E-02 -1.4026E+02 -1.1792E+02 -3.8679E-03  5.3749E+01 -2.2525E-03 -2.2525E-03
 -1.5500E+02 -2.3721E-02 -1.4165E+02 -1.1833E+02 -4.0535E-03  5.4999E+01 -2.1087E-03 -2.1087E-03
 -1.5625E+02 -2.4640E-02 -1.4306E+02 -1.1875E+02 -4.2398E-03  5.6249E+01 -1.9563E-03 -1.9563E-03
 -1.5750E+02 -2.5578E-02 -1.4449E+02 -1.1917E+02 -4.4266E-03  5.7499E+01 -1.7952E-03 -1.7952E-03
 -1.5875E+02 -2.6536E-02 -1.4593E+02 -1.1958E+02 -4.6140E-03  5.8749E+01 -1.6253E-03 -1.6253E-03
 -1.6000E+02 -2.7512E-02 -1.4740E+02 -1.2000E+02 -4.8018E-03  5.9999E+01 -1.4464E-03 -1.4464E-03
 -1.6125E+02 -2.8509E-02 -1.4888E+02 -1.2042E+02 -4.9901E-03  6.1249E+01 -1.2583E-03 -1.2583E-03
 -1.6250E+02 -2.9525E-02 -1.5037E+02 -1.2083E+02 -5.1787E-03  6.2499E+01 -1.0609E-03 -1.0609E-03
 -1.6375E+02 -3.0562E-02 -1.5189E+02 -1.2125E+02 -5.3677E-03  6.3749E+01 -8.5390E-04 -8.5390E-04
 -1.6500E+02 -3.1618E-02 -1.5342E+02 -1.2167E+02 -5.5569E-03  6.4999E+01 -6.3723E-04 -6.3723E-04
 -1.6625E+02 -3.2696E-02 -1.5496E+02 -1.2208E+02 -5.7464E-03  6.6249E+01 -4.1069E-04 -4.1069E-04
 -1.6750E+02 -3.3793E-02 -1.5653E+02 -1.2250E+02 -5.9361E-03  6.7499E+01 -1.7408E-04 -1.7408E-04
 -1.6875E+02 -3.4912E-02 -1.5811E+02 -1.2292E+02 -6.1260E-03  6.8749E+01  7.2774E-05  7.2774E-05
 -1.7000E+02 -3.6053E-02 -1.5970E+02 -1.2333E+02 -6.3160E-03  6.9999E+01  3.3007E-04  3.3007E-04
 -1.7125E+02 -3.7214E-02 -1.6131E+02 -1.2375E+02 -6.5061E-03  7.1249E+01  5.9802E-04  5.9802E-04
 -1.7250E+02 -3.8398E-02 -1.6294E+02 -1.2417E+02 -6.6963E-03  7.2500E+01  8.7681E-04  8.7681E-04
 -1.7375E+02 -3.9604E-02 -1.6458E+02 -1.2458E+02 -6.8864E-03  7.3750E+01  1.1667E-03  1.1667E-03
 -1.7500E+02 -4.0832E-02 -1.6624E+02 -1.2500E+02 -7.0766E-03  7.5000E+01  1.4678E-03  1.4678E-03
 -1.7625E+02 -4.2083E-02 -1.6791E+02 -1.2542E+02 -7.2667E-03  7.6250E+01  1.7804E-03  1.7804E-03
 -1.7750E+02 -4.3358E-02 -1.6960E+02 -1.2583E+02 -7.4568E-03  7.7500E+01  2.1048E-03  2.1048E-03
 -1.7875E+02 -4.4656E-02 -1.7130E+02 -1.2625E+02 -7.6467E-03  7.8750E+01  2.4411E-03  2.4411E-03
 -1.8000E+02 -4.5978E-02 -1.7302E+02 -1.2667E+02 -7.8365E-03  8.0000E+01  2.7897E-03  2.7897E-03
 -1.8125E+02 -4.7325E-02 -1.7475E+02 -1.2708E+02 -8.0262E-03  8.1250E+01  3.1508E-03  3.1508E-03
 -1.8250E+02 -4.8696E-02 -1.7650E+02 -1.2750E+02 -8.2157E-03  8.2500E+01  3.5247E-03  3.5247E-03
 -1.8375E+02 -5.0094E-02 -1.7826E+02 -1.2792E+02 -8.4050E-03  8.3750E+01  3.9116E-03  3.9116E-03
 -1.8500E+02 -5.1517E-02 -1.8004E+02 -1.2833E+02 -8.5941E-03  8.5000E+01  4.3119E-03  4.3119E-03
 -1.8625E+02 -5.2967E-02 -1.8183E+02 -1.2875E+02 -8.7829E-03  8.6250E+01  4.7259E-03  4.7259E-03
 -1.8750E+02 -5.4444E-02 -1.8363E+02 -1.2917E+02 -8.9714E-03  8.7499E+01  5.1537E-03  5.1537E-03
 -1.8875E+02 -5.5949E-02 -1.8545E+02 -1.2958E+02 -9.1596E-03  8.8750E+01  5.5960E-03  5.5960E-03
 -1.9000E+02 -5.7482E-02 -1.8728E+02 -1.3000E+02 -9.3476E-03  9.0000E+01  6.0531E-03  6.0531E-03
 -1.9125E+02 -5.9045E-02 -1.8913E+02 -1.3042E+02 -9.5352E-03  9.1250E+01  6.5252E-03  6.5252E-03
 -1.9250E+02 -6.0637E-02 -1.9099E+02 -1.3083E+02 -9.7225E-03  9.2500E+01  7.0128E-03  7.0128E-03
 -1.9375E+02 -6.2261E-02 -1.9286E+02 -1.3125E+02 -9.9094E-03  9.3750E+01  7.5163E-03  7.5163E-03
 -1.9500E+02 -6.3915E-02 -1.9475E+02 -1.3167E+02 -1.0096E-02  9.5000E+01  8.0361E-03  8.0361E-03
 -1.9625E+02 -6.5603E-02 -1.9665E+02 -1.3208E+02 -1.0282E-02  9.6250E+01  8.5727E-03  8.5727E-03
 -1.9750E+02 -6.7323E-02 -1.9856E+02 -1.3250E+02 -1.0468E-02  9.7500E+01  9.1266E-03  9.1266E-03
 -1.9875E+02 -6.9078E-02 -2.0049E+02 -1.3292E+02 -1.0653E-02  9.8750E+01  9.6983E-03  9.6983E-03
 -2.0000E+02 -7.0869E-02 -2.0243E+02 -1.3333E+02 -1.0838E-02  1.0000E+02  1.0288E-02  1.0288E-02
 -2.0125E+02 -7.2695E-02 -2.0438E+02 -1.3375E+02 -1.1022E-02  1.0125E+02  1.0897E-02  1.0897E-02
 -2.0250E+02 -7.4560E-02 -2.0634E+02 -1.3417E+02 -1.1206E-02  1.0250E+02  1.1526E-02  1.1526E-02
 -2.0375E+02 -7.6463E-02 -2.0832E+02 -1.3458E+02 -1.1390E-02  1.0375E+02  1.2174E-02  1.2174E-02
 -2.0500E+02 -7.8407E-02 -2.1031E+02 -1.3500E+02 -1.1573E-02  1.0500E+02  1.2844E-02  1.2844E-02
 -2.0625E+02 -8.0392E-02 -2.1231E+02 -1.3542E+02 -1.1755E-02  1.0625E+02  1.3535E-02  1.3535E-02
 -2.0750E+02 -8.2421E-02 -2.1432E+02 -1.3583E+02 -1.1938E-02  1.0750E+02  1.4249E-02  1.4249E-02
 -2.0875E+02 -8.4495E-02 -2.1635E+02 -1.3625E+02 -1.2119E-02  1.0875E+02  1.4986E-02  1.4986E-02
 -2.1000E+02 -8.6616E-02 -2.1839E+02 -1.3667E+02 -1.2300E-02  1.1000E+02  1.5747E-02  1.5747E-02
 -2.1125E+02 -8.8785E-02 -2.2044E+02 -1.3708E+02 -1.2481E-02  1.1125E+02  1.6533E-02  1.6533E-02
 -2.1250E+02 -9.1004E-02 -2.2250E+02 -1.3750E+02 -1.2660E-02  1.1250E+02  1.7345E-02  1.7345E-02
 -2.1375E+02 -9.3277E-02 -2.2457E+02 -1.3792E+02 -1.2840E-02  1.1375E+02  1.8184E-02  1.8184E-02
 -2.1500E+02 -9.5604E-02 -2.2666E+02 -1.3833E+02 -1.3019E-02  1.1500E+02  1.9052E-02  1.9052E-02
 -2.1625E+02 -9.7989E-02 -2.2875E+02 -1.3875E+02 -1.3197E-02  1.1625E+02  1.9949E-02  1.9949E-02
 -2.1750E+02 -1.0043E-01 -2.3086E+02 -1.3917E+02 -1.3375E-02  1.1750E+02  2.0877E-02  2.0877E-02
 -2.1875E+02 -1.0294E-01 -2.3298E+02 -1.3958E+02 -1.3552E-02  1.1875E+02  2.1837E-02  2.1837E-02
 -2.2000E+02 -1.0552E-01 -2.3511E+02 -1.4000E+02 -1.3728E-02  1.2000E+02  2.2832E-02  2.2832E-02
 -2.2125E+02 -1.0816E-01 -2.3725E+02 -1.4042E+02 -1.3904E-02  1.2125E+02  2.3862E-02  2.3862E-02
 -2.2250E+02 -1.1088E-01 -2.3941E+02 -1.4083E+02 -1.4080E-02  1.2250E+02  2.4930E-02  2.4930E-02
 -2.2375E+02 -1.1367E-01 -2.4157E+02 -1.4125E+02 -1.4255E-02  1.2375E+02  2.6037E-02  2.6037E-02
 -2.2500E+02 -1.1655E-01 -2.4375E+02 -1.4167E+02 -1.4429E-02  1.2500E+02  2.7186E-02  2.7186E-02
 -2.2625E+02 -1.1951E-01 -2.4593E+02 -1.4208E+02 -1.4603E-02  1.2625E+02  2.8379E-02  2.8379E-02
 -2.2750E+02 -1.2257E-01 -2.4813E+02 -1.4250E+02 -1.4776E-02  1.2750E+02  2.9619E-02  2.9619E-02
 -2.2875E+02 -1.2572E-01 -2.5034E+02 -1.4292E+02 -1.4948E-02  1.2875E+02  3.0909E-02  3.0909E-02
 -2.3000E+02 -1.2897E-01 -2.5255E+02 -1.4333E+02 -1.5120E-02  1.3000E+02  3.2252E-02  3.2252E-02
 -2.3125E+02 -1.3234E-01 -2.5478E+02 -1.4375E+02 -1.5291E-02  1.3125E+02  3.3651E-02  3.3651E-02
 -2.3250E+02 -1.3583E-01 -2.5702E+02 -1.4417E+02 -1.5462E-02  1.3250E+02  3.5110E-02  3.5110E-02
 -2.3375E+02 -1.3944E-01 -2.5927E+02 -1.4458E+02 -1.5632E-02  1.3375E+02  3.6634E-02  3.6634E-02
 -2.3500E+02 -1.4319E-01 -2.6153E+02 -1.4500E+02 -1.5801E-02  1.3500E+02  3.8227E-02  3.8227E-02
 -2.3625E+02 -1.4709E-01 -2.6380E+02 -1.4542E+02 -1.5970E-02  1.3625E+02  3.9895E-02  3.9895E-02
 -2.3750E+02 -1.5115E-01 -2.6608E+02 -1.4583E+02 -1.6139E-02  1.3750E+02  4.1644E-02  4.1644E-02
 -2.3875E+02 -1.5538E-01 -2.6837E+02 -1.4625E+02 -1.6306E-02  1.3875E+02  4.3481E-02  4.3481E-02
 -2.4000E+02 -1.5980E-01 -2.7066E+02 -1.4667E+02 -1.6473E-02  1.4000E+02  4.5415E-02  4.5415E-02
 -2.4125E+02 -1.6443E-01 -2.7297E+02 -1.4708E+02 -1.6639E-02  1.4125E+02  4.7453E-02  4.7453E-02
 -2.4250E+02 -1.6930E-01 -2.7529E+02 -1.4750E+02 -1.6805E-02  1.4250E+02  4.9607E-02  4.9607E-02
 -2.4375E+02 -1.7441E-01 -2.7762E+02 -1.4792E+02 -1.6970E-02  1.4375E+02  5.1888E-02  5.1888E-02
 -2.4500E+02 -1.7980E-01 -2.7996E+02 -1.4833E+02 -1.7135E-02  1.4500E+02  5.4311E-02  5.4311E-02
 -2.4625E+02 -1.8552E-01 -2.8231E+02 -1.4875E+02 -1.7299E-02  1.4625E+02  5.6894E-02  5.6894E-02
 -2.4750E+02 -1.9158E-01 -2.8466E+02 -1.4917E+02 -1.7462E-02  1.4750E+02  5.9654E-02  5.9654E-02
 -2.4875E+02 -1.9805E-01 -2.8703E+02 -1.4958E+02 -1.7625E-02  1.4875E+02  6.2618E-02  6.2618E-02
 -2.5000E+02 -2.0499E-01 -2.8941E+02 -1.5000E+02 -1.7787E-02  1.5000E+02  6.5814E-02  6.5814E-02
 -2.5125E+02 -2.1245E-01 -2.9179E+02 -1.5042E+02 -1.7948E-02  1.5125E+02  6.9275E-02  6.9275E-02
 -2.5250E+02 -2.2054E-01 -2.9418E+02 -1.5084E+02 -1.8109E-02  1.5250E+02  7.3051E-02  7.3051E-02
 -2.5375E+02 -2.2937E-01 -2.9659E+02 -1.5125E+02 -1.8269E-02  1.5375E+02  7.7199E-02  7.7199E-02
 -2.5500E+02 -2.3910E-01 -2.9900E+02 -1.5166E+02 -1.8429E-02  1.5500E+02  8.1797E-02  8.1797E-02
 -2.5625E+02 -2.4994E-01 -3.0142E+02 -1.5208E+02 -1.8588E-02  1.5625E+02  8.6947E-02  8.6947E-02
 -2.5750E+02 -2.6216E-01 -3.0385E+02 -1.5250E+02 -1.8746E-02  1.5750E+02  9.2794E-02  9.2794E-02
