       640
         1  2.00000E+01
         2  2.00000E+01
         3  2.00000E+01
         4  2.00000E+01
         5  2.00000E+01
         6  2.00000E+01
         7  2.00000E+01
         8  2.00000E+01
         9  2.00000E+01
        10  2.00000E+01
        11  2.00000E+01
        12  2.00000E+01
        13  2.00000E+01
        14  2.00000E+01
        15  2.00000E+01
        16  2.00000E+01
        17  2.00000E+01
        18  2.00000E+01
        19  2.00000E+01
        20  2.00000E+01
        21  2.00000E+01
        22  2.00000E+01
        23  2.00000E+01
        24  2.00000E+01
        25  2.00000E+01
        26  2.00000E+01
        27  2.00000E+01
        28  2.00000E+01
        29  2.00000E+01
        30  2.00000E+01
        31  2.00000E+01
        32  2.00000E+01
        33  2.00000E+01
        34  2.00000E+01
        35  2.00000E+01
        36  2.00000E+01
        37  2.00000E+01
        38  2.00000E+01
        39  2.00000E+01
        40  2.00000E+01
        41  2.00000E+01
        42  2.00000E+01
        43  2.00000E+01
        44  2.00000E+01
        45  2.00000E+01
        46  2.00000E+01
        47  2.00000E+01
        48  2.00000E+01
        49  2.00000E+01
        50  2.00000E+01
        51  2.00000E+01
        52  2.00000E+01
        53  2.00000E+01
        54  2.00000E+01
        55  2.00000E+01
        56  2.00000E+01
        57  2.00000E+01
        58  2.00000E+01
        59  2.00000E+01
        60  2.00000E+01
        61  2.00000E+01
        62  2.00000E+01
        63  2.00000E+01
        64  2.00000E+01
        65  2.00000E+01
        66  2.00000E+01
        67  2.00000E+01
        68  2.00000E+01
        69  2.00000E+01
        70  2.00000E+01
        71  2.00000E+01
        72  2.00000E+01
        73  2.00000E+01
        74  2.00000E+01
        75  2.00000E+01
        76  2.00000E+01
        77  2.00000E+01
        78  2.00000E+01
        79  2.00000E+01
        80  2.00000E+01
        81  2.00000E+01
        82  2.00000E+01
        83  2.00000E+01
        84  2.00000E+01
        85  2.00000E+01
        86  2.00000E+01
        87  2.00000E+01
        88  2.00000E+01
        89  2.00000E+01
        90  2.00000E+01
        91  2.00000E+01
        92  2.00000E+01
        93  2.00000E+01
        94  2.00000E+01
        95  2.00000E+01
        96  2.00000E+01
        97  2.00000E+01
        98  2.00000E+01
        99  2.00000E+01
       100  2.00000E+01
       101  2.00000E+01
       102  2.00000E+01
       103  2.00000E+01
       104  2.00000E+01
       105  2.00000E+01
       106  2.00000E+01
       107  2.00000E+01
       108  2.00000E+01
       109  2.00000E+01
       110  2.00000E+01
       111  2.00000E+01
       112  2.00000E+01
       113  2.00000E+01
       114  2.00000E+01
       115  2.00000E+01
       116  2.00000E+01
       117  2.00000E+01
       118  2.00000E+01
       119  2.00000E+01
       120  2.00000E+01
       121  2.00000E+01
       122  2.00000E+01
       123  2.00000E+01
       124  2.00000E+01
       125  2.00000E+01
       126  2.00000E+01
       127  2.00000E+01
       128  2.00000E+01
       129  2.00000E+01
       130  2.00000E+01
       131  2.00000E+01
       132  2.00000E+01
       133  2.00000E+01
       134  2.00000E+01
       135  2.00000E+01
       136  2.00000E+01
       137  2.00000E+01
       138  2.00000E+01
       139  2.00000E+01
       140  2.00000E+01
       141  2.00000E+01
       142  2.00000E+01
       143  2.00000E+01
       144  2.00000E+01
       145  2.00000E+01
       146  2.00000E+01
       147  2.00000E+01
       148  2.00000E+01
       149  2.00000E+01
       150  2.00000E+01
       151  2.00000E+01
       152  2.00000E+01
       153  2.00000E+01
       154  2.00000E+01
       155  2.00000E+01
       156  2.00000E+01
       157  2.00000E+01
       158  2.00000E+01
       159  2.00000E+01
       160  2.00000E+01
       161  2.00000E+01
       162  2.00000E+01
       163  2.00000E+01
       164  2.00000E+01
       165  2.00000E+01
       166  2.00000E+01
       167  2.00000E+01
       168  2.00000E+01
       169  2.00000E+01
       170  2.00000E+01
       171  2.00000E+01
       172  2.00000E+01
       173  2.00000E+01
       174  2.00000E+01
       175  2.00000E+01
       176  2.00000E+01
       177  2.00000E+01
       178  2.00000E+01
       179  2.00000E+01
       180  2.00000E+01
       181  2.00000E+01
       182  2.00000E+01
       183  2.00000E+01
       184  2.00000E+01
       185  2.00000E+01
       186  2.00000E+01
       187  2.00000E+01
       188  2.00000E+01
       189  2.00000E+01
       190  2.00000E+01
       191  2.00000E+01
       192  2.00000E+01
       193  2.00000E+01
       194  2.00000E+01
       195  2.00000E+01
       196  2.00000E+01
       197  2.00000E+01
       198  2.00000E+01
       199  2.00000E+01
       200  2.00000E+01
       201  2.00000E+01
       202  2.00000E+01
       203  2.00000E+01
       204  2.00000E+01
       205  2.00000E+01
       206  2.00000E+01
       207  2.00000E+01
       208  2.00000E+01
       209  2.00000E+01
       210  2.00000E+01
       211  2.00000E+01
       212  2.00000E+01
       213  2.00000E+01
       214  2.00000E+01
       215  2.00000E+01
       216  2.00000E+01
       217  2.00000E+01
       218  2.00000E+01
       219  2.00000E+01
       220  2.00000E+01
       221  2.00000E+01
       222  2.00000E+01
       223  2.00000E+01
       224  2.00000E+01
       225  2.00000E+01
       226  2.00000E+01
       227  2.00000E+01
       228  2.00000E+01
       229  2.00000E+01
       230  2.00000E+01
       231  2.00000E+01
       232  2.00000E+01
       233  2.00000E+01
       234  2.00000E+01
       235  2.00000E+01
       236  2.00000E+01
       237  2.00000E+01
       238  2.00000E+01
       239  2.00000E+01
       240  2.00000E+01
       241  2.00000E+01
       242  2.00000E+01
       243  2.00000E+01
       244  2.00000E+01
       245  2.00000E+01
       246  2.00000E+01
       247  2.00000E+01
       248  2.00000E+01
       249  2.00000E+01
       250  2.00000E+01
       251  2.00000E+01
       252  2.00000E+01
       253  2.00000E+01
       254  2.00000E+01
       255  2.00000E+01
       256  2.00000E+01
       257  2.00000E+01
       258  2.00000E+01
       259  2.00000E+01
       260  2.00000E+01
       261  2.00000E+01
       262  2.00000E+01
       263  2.00000E+01
       264  2.00000E+01
       265  2.00000E+01
       266  2.00000E+01
       267  2.00000E+01
       268  2.00000E+01
       269  2.00000E+01
       270  2.00000E+01
       271  2.00000E+01
       272  2.00000E+01
       273  2.00000E+01
       274  2.00000E+01
       275  2.00000E+01
       276  2.00000E+01
       277  2.00000E+01
       278  2.00000E+01
       279  2.00000E+01
       280  2.00000E+01
       281  2.00000E+01
       282  2.00000E+01
       283  2.00000E+01
       284  2.00000E+01
       285  2.00000E+01
       286  2.00000E+01
       287  2.00000E+01
       288  2.00000E+01
       289  2.00000E+01
       290  2.00000E+01
       291  2.00000E+01
       292  2.00000E+01
       293  2.00000E+01
       294  2.00000E+01
       295  2.00000E+01
       296  2.00000E+01
       297  2.00000E+01
       298  2.00000E+01
       299  2.00000E+01
       300  2.00000E+01
       301  2.00000E+01
       302  2.00000E+01
       303  2.00000E+01
       304  2.00000E+01
       305  2.00000E+01
       306  2.00000E+01
       307  2.00000E+01
       308  2.00000E+01
       309  2.00000E+01
       310  2.00000E+01
       311  2.00000E+01
       312  2.00000E+01
       313  2.00000E+01
       314  2.00000E+01
       315  2.00000E+01
       316  2.00000E+01
       317  2.00000E+01
       318  2.00000E+01
       319  2.00000E+01
       320  2.00000E+01
       321  2.00000E+01
       322  2.00000E+01
       323  2.00000E+01
       324  2.00000E+01
       325  2.00000E+01
       326  2.00000E+01
       327  2.00000E+01
       328  2.00000E+01
       329  2.00000E+01
       330  2.00000E+01
       331  2.00000E+01
       332  2.00000E+01
       333  2.00000E+01
       334  2.00000E+01
       335  2.00000E+01
       336  2.00000E+01
       337  2.00000E+01
       338  2.00000E+01
       339  2.00000E+01
       340  2.00000E+01
       341  2.00000E+01
       342  2.00000E+01
       343  2.00000E+01
       344  2.00000E+01
       345  2.00000E+01
       346  2.00000E+01
       347  2.00000E+01
       348  2.00000E+01
       349  2.00000E+01
       350  2.00000E+01
       351  2.00000E+01
       352  2.00000E+01
       353  2.00000E+01
       354  2.00000E+01
       355  2.00000E+01
       356  2.00000E+01
       357  2.00000E+01
       358  2.00000E+01
       359  2.00000E+01
       360  2.00000E+01
       361  2.00000E+01
       362  2.00000E+01
       363  2.00000E+01
       364  2.00000E+01
       365  2.00000E+01
       366  2.00000E+01
       367  2.00000E+01
       368  2.00000E+01
       369  2.00000E+01
       370  2.00000E+01
       371  2.00000E+01
       372  2.00000E+01
       373  2.00000E+01
       374  2.00000E+01
       375  2.00000E+01
       376  2.00000E+01
       377  2.00000E+01
       378  2.00000E+01
       379  2.00000E+01
       380  2.00000E+01
       381  2.00000E+01
       382  2.00000E+01
       383  2.00000E+01
       384  2.00000E+01
       385  2.00000E+01
       386  2.00000E+01
       387  2.00000E+01
       388  2.00000E+01
       389  2.00000E+01
       390  2.00000E+01
       391  2.00000E+01
       392  2.00000E+01
       393  2.00000E+01
       394  2.00000E+01
       395  2.00000E+01
       396  2.00000E+01
       397  2.00000E+01
       398  2.00000E+01
       399  2.00000E+01
       400  2.00000E+01
       401  2.00000E+01
       402  2.00000E+01
       403  2.00000E+01
       404  2.00000E+01
       405  2.00000E+01
       406  2.00000E+01
       407  2.00000E+01
       408  2.00000E+01
       409  2.00000E+01
       410  2.00000E+01
       411  2.00000E+01
       412  2.00000E+01
       413  2.00000E+01
       414  2.00000E+01
       415  2.00000E+01
       416  2.00000E+01
       417  2.00000E+01
       418  2.00000E+01
       419  2.00000E+01
       420  2.00000E+01
       421  2.00000E+01
       422  2.00000E+01
       423  2.00000E+01
       424  2.00000E+01
       425  2.00000E+01
       426  2.00000E+01
       427  2.00000E+01
       428  2.00000E+01
       429  2.00000E+01
       430  2.00000E+01
       431  2.00000E+01
       432  2.00000E+01
       433  2.00000E+01
       434  2.00000E+01
       435  2.00000E+01
       436  2.00000E+01
       437  2.00000E+01
       438  2.00000E+01
       439  2.00000E+01
       440  2.00000E+01
       441  2.00000E+01
       442  2.00000E+01
       443  2.00000E+01
       444  2.00000E+01
       445  2.00000E+01
       446  2.00000E+01
       447  2.00000E+01
       448  2.00000E+01
       449  2.00000E+01
       450  2.00000E+01
       451  2.00000E+01
       452  2.00000E+01
       453  2.00000E+01
       454  2.00000E+01
       455  2.00000E+01
       456  2.00000E+01
       457  2.00000E+01
       458  2.00000E+01
       459  2.00000E+01
       460  2.00000E+01
       461  2.00000E+01
       462  2.00000E+01
       463  2.00000E+01
       464  2.00000E+01
       465  2.00000E+01
       466  2.00000E+01
       467  2.00000E+01
       468  2.00000E+01
       469  2.00000E+01
       470  2.00000E+01
       471  2.00000E+01
       472  2.00000E+01
       473  2.00000E+01
       474  2.00000E+01
       475  2.00000E+01
       476  2.00000E+01
       477  2.00000E+01
       478  2.00000E+01
       479  2.00000E+01
       480  2.00000E+01
       481  2.00000E+01
       482  2.00000E+01
       483  2.00000E+01
       484  2.00000E+01
       485  2.00000E+01
       486  2.00000E+01
       487  2.00000E+01
       488  2.00000E+01
       489  2.00000E+01
       490  2.00000E+01
       491  2.00000E+01
       492  2.00000E+01
       493  2.00000E+01
       494  2.00000E+01
       495  2.00000E+01
       496  2.00000E+01
       497  2.00000E+01
       498  2.00000E+01
       499  2.00000E+01
       500  2.00000E+01
       501  2.00000E+01
       502  2.00000E+01
       503  2.00000E+01
       504  2.00000E+01
       505  2.00000E+01
       506  2.00000E+01
       507  2.00000E+01
       508  2.00000E+01
       509  2.00000E+01
       510  2.00000E+01
       511  2.00000E+01
       512  2.00000E+01
       513  2.00000E+01
       514  2.00000E+01
       515  2.00000E+01
       516  2.00000E+01
       517  2.00000E+01
       518  2.00000E+01
       519  2.00000E+01
       520  2.00000E+01
       521  2.00000E+01
       522  2.00000E+01
       523  2.00000E+01
       524  2.00000E+01
       525  2.00000E+01
       526  2.00000E+01
       527  2.00000E+01
       528  2.00000E+01
       529  2.00000E+01
       530  2.00000E+01
       531  2.00000E+01
       532  2.00000E+01
       533  2.00000E+01
       534  2.00000E+01
       535  2.00000E+01
       536  2.00000E+01
       537  2.00000E+01
       538  2.00000E+01
       539  2.00000E+01
       540  2.00000E+01
       541  2.00000E+01
       542  2.00000E+01
       543  2.00000E+01
       544  2.00000E+01
       545  2.00000E+01
       546  2.00000E+01
       547  2.00000E+01
       548  2.00000E+01
       549  2.00000E+01
       550  2.00000E+01
       551  2.00000E+01
       552  2.00000E+01
       553  2.00000E+01
       554  2.00000E+01
       555  2.00000E+01
       556  2.00000E+01
       557  2.00000E+01
       558  2.00000E+01
       559  2.00000E+01
       560  2.00000E+01
       561  2.00000E+01
       562  2.00000E+01
       563  2.00000E+01
       564  2.00000E+01
       565  2.00000E+01
       566  2.00000E+01
       567  2.00000E+01
       568  2.00000E+01
       569  2.00000E+01
       570  2.00000E+01
       571  2.00000E+01
       572  2.00000E+01
       573  2.00000E+01
       574  2.00000E+01
       575  2.00000E+01
       576  2.00000E+01
       577  2.00000E+01
       578  2.00000E+01
       579  2.00000E+01
       580  2.00000E+01
       581  2.00000E+01
       582  2.00000E+01
       583  2.00000E+01
       584  2.00000E+01
       585  2.00000E+01
       586  2.00000E+01
       587  2.00000E+01
       588  2.00000E+01
       589  2.00000E+01
       590  2.00000E+01
       591  2.00000E+01
       592  2.00000E+01
       593  2.00000E+01
       594  2.00000E+01
       595  2.00000E+01
       596  2.00000E+01
       597  2.00000E+01
       598  2.00000E+01
       599  2.00000E+01
       600  2.00000E+01
       601  2.00000E+01
       602  2.00000E+01
       603  2.00000E+01
       604  2.00000E+01
       605  2.00000E+01
       606  2.00000E+01
       607  2.00000E+01
       608  2.00000E+01
       609  2.00000E+01
       610  2.00000E+01
       611  2.00000E+01
       612  2.00000E+01
       613  2.00000E+01
       614  2.00000E+01
       615  2.00000E+01
       616  2.00000E+01
       617  2.00000E+01
       618  2.00000E+01
       619  2.00000E+01
       620  2.00000E+01
       621  2.00000E+01
       622  2.00000E+01
       623  2.00000E+01
       624  2.00000E+01
       625  2.00000E+01
       626  2.00000E+01
       627  2.00000E+01
       628  2.00000E+01
       629  2.00000E+01
       630  2.00000E+01
       631  2.00000E+01
       632  2.00000E+01
       633  2.00000E+01
       634  2.00000E+01
       635  2.00000E+01
       636  2.00000E+01
       637  2.00000E+01
       638  2.00000E+01
       639  2.00000E+01
       640  2.00000E+01
