 CELLS          289          1445
     4     0     1    68    67
     4     1     2    69    68
     4     2     3    70    69
     4     3     4    71    70
     4     4     5    72    71
     4     5     6    73    72
     4     6     7    74    73
     4     7     8    75    74
     4     8     9    76    75
     4     9    10    77    76
     4    10    11    78    77
     4    11    12    79    78
     4    12    13    80    79
     4    13    14    81    80
     4    14    15    82    81
     4    15    16    83    82
     4    16    17    18    83
     4    67    68    84    66
     4    68    69    85    84
     4    69    70    86    85
     4    70    71    87    86
     4    71    72    88    87
     4    72    73    89    88
     4    73    74    90    89
     4    74    75    91    90
     4    75    76    92    91
     4    76    77    93    92
     4    77    78    94    93
     4    78    79    95    94
     4    79    80    96    95
     4    80    81    97    96
     4    81    82    98    97
     4    82    83    99    98
     4    83    18    19    99
     4    66    84   100    65
     4    84    85   101   100
     4    85    86   102   101
     4    86    87   103   102
     4    87    88   104   103
     4    88    89   105   104
     4    89    90   106   105
     4    90    91   107   106
     4    91    92   108   107
     4    92    93   109   108
     4    93    94   110   109
     4    94    95   111   110
     4    95    96   112   111
     4    96    97   113   112
     4    97    98   114   113
     4    98    99   115   114
     4    99    19    20   115
     4    65   100   116    64
     4   100   101   117   116
     4   101   102   118   117
     4   102   103   119   118
     4   103   104   120   119
     4   104   105   121   120
     4   105   106   122   121
     4   106   107   123   122
     4   107   108   124   123
     4   108   109   125   124
     4   109   110   126   125
     4   110   111   127   126
     4   111   112   128   127
     4   112   113   129   128
     4   113   114   130   129
     4   114   115   131   130
     4   115    20    21   131
     4    64   116   132    63
     4   116   117   133   132
     4   117   118   134   133
     4   118   119   135   134
     4   119   120   136   135
     4   120   121   137   136
     4   121   122   138   137
     4   122   123   139   138
     4   123   124   140   139
     4   124   125   141   140
     4   125   126   142   141
     4   126   127   143   142
     4   127   128   144   143
     4   128   129   145   144
     4   129   130   146   145
     4   130   131   147   146
     4   131    21    22   147
     4    63   132   148    62
     4   132   133   149   148
     4   133   134   150   149
     4   134   135   151   150
     4   135   136   152   151
     4   136   137   153   152
     4   137   138   154   153
     4   138   139   155   154
     4   139   140   156   155
     4   140   141   157   156
     4   141   142   158   157
     4   142   143   159   158
     4   143   144   160   159
     4   144   145   161   160
     4   145   146   162   161
     4   146   147   163   162
     4   147    22    23   163
     4    62   148   164    61
     4   148   149   165   164
     4   149   150   166   165
     4   150   151   167   166
     4   151   152   168   167
     4   152   153   169   168
     4   153   154   170   169
     4   154   155   171   170
     4   155   156   172   171
     4   156   157   173   172
     4   157   158   174   173
     4   158   159   175   174
     4   159   160   176   175
     4   160   161   177   176
     4   161   162   178   177
     4   162   163   179   178
     4   163    23    24   179
     4    61   164   180    60
     4   164   165   181   180
     4   165   166   182   181
     4   166   167   183   182
     4   167   168   184   183
     4   168   169   185   184
     4   169   170   186   185
     4   170   171   187   186
     4   171   172   188   187
     4   172   173   189   188
     4   173   174   190   189
     4   174   175   191   190
     4   175   176   192   191
     4   176   177   193   192
     4   177   178   194   193
     4   178   179   195   194
     4   179    24    25   195
     4    60   180   196    59
     4   180   181   197   196
     4   181   182   198   197
     4   182   183   199   198
     4   183   184   200   199
     4   184   185   201   200
     4   185   186   202   201
     4   186   187   203   202
     4   187   188   204   203
     4   188   189   205   204
     4   189   190   206   205
     4   190   191   207   206
     4   191   192   208   207
     4   192   193   209   208
     4   193   194   210   209
     4   194   195   211   210
     4   195    25    26   211
     4    59   196   212    58
     4   196   197   213   212
     4   197   198   214   213
     4   198   199   215   214
     4   199   200   216   215
     4   200   201   217   216
     4   201   202   218   217
     4   202   203   219   218
     4   203   204   220   219
     4   204   205   221   220
     4   205   206   222   221
     4   206   207   223   222
     4   207   208   224   223
     4   208   209   225   224
     4   209   210   226   225
     4   210   211   227   226
     4   211    26    27   227
     4    58   212   228    57
     4   212   213   229   228
     4   213   214   230   229
     4   214   215   231   230
     4   215   216   232   231
     4   216   217   233   232
     4   217   218   234   233
     4   218   219   235   234
     4   219   220   236   235
     4   220   221   237   236
     4   221   222   238   237
     4   222   223   239   238
     4   223   224   240   239
     4   224   225   241   240
     4   225   226   242   241
     4   226   227   243   242
     4   227    27    28   243
     4    57   228   244    56
     4   228   229   245   244
     4   229   230   246   245
     4   230   231   247   246
     4   231   232   248   247
     4   232   233   249   248
     4   233   234   250   249
     4   234   235   251   250
     4   235   236   252   251
     4   236   237   253   252
     4   237   238   254   253
     4   238   239   255   254
     4   239   240   256   255
     4   240   241   257   256
     4   241   242   258   257
     4   242   243   259   258
     4   243    28    29   259
     4    56   244   260    55
     4   244   245   261   260
     4   245   246   262   261
     4   246   247   263   262
     4   247   248   264   263
     4   248   249   265   264
     4   249   250   266   265
     4   250   251   267   266
     4   251   252   268   267
     4   252   253   269   268
     4   253   254   270   269
     4   254   255   271   270
     4   255   256   272   271
     4   256   257   273   272
     4   257   258   274   273
     4   258   259   275   274
     4   259    29    30   275
     4    55   260   276    54
     4   260   261   277   276
     4   261   262   278   277
     4   262   263   279   278
     4   263   264   280   279
     4   264   265   281   280
     4   265   266   282   281
     4   266   267   283   282
     4   267   268   284   283
     4   268   269   285   284
     4   269   270   286   285
     4   270   271   287   286
     4   271   272   288   287
     4   272   273   289   288
     4   273   274   290   289
     4   274   275   291   290
     4   275    30    31   291
     4    54   276   292    53
     4   276   277   293   292
     4   277   278   294   293
     4   278   279   295   294
     4   279   280   296   295
     4   280   281   297   296
     4   281   282   298   297
     4   282   283   299   298
     4   283   284   300   299
     4   284   285   301   300
     4   285   286   302   301
     4   286   287   303   302
     4   287   288   304   303
     4   288   289   305   304
     4   289   290   306   305
     4   290   291   307   306
     4   291    31    32   307
     4    53   292   308    52
     4   292   293   309   308
     4   293   294   310   309
     4   294   295   311   310
     4   295   296   312   311
     4   296   297   313   312
     4   297   298   314   313
     4   298   299   315   314
     4   299   300   316   315
     4   300   301   317   316
     4   301   302   318   317
     4   302   303   319   318
     4   303   304   320   319
     4   304   305   321   320
     4   305   306   322   321
     4   306   307   323   322
     4   307    32    33   323
     4    52   308    50    51
     4   308   309    49    50
     4   309   310    48    49
     4   310   311    47    48
     4   311   312    46    47
     4   312   313    45    46
     4   313   314    44    45
     4   314   315    43    44
     4   315   316    42    43
     4   316   317    41    42
     4   317   318    40    41
     4   318   319    39    40
     4   319   320    38    39
     4   320   321    37    38
     4   321   322    36    37
     4   322   323    35    36
     4   323    33    34    35
 CELL_TYPES          289
           9
           9
           9
           9
           9
           9
           9
           9
           9
           9
           9
           9
           9
           9
           9
           9
           9
           9
           9
           9
           9
           9
           9
           9
           9
           9
           9
           9
           9
           9
           9
           9
           9
           9
           9
           9
           9
           9
           9
           9
           9
           9
           9
           9
           9
           9
           9
           9
           9
           9
           9
           9
           9
           9
           9
           9
           9
           9
           9
           9
           9
           9
           9
           9
           9
           9
           9
           9
           9
           9
           9
           9
           9
           9
           9
           9
           9
           9
           9
           9
           9
           9
           9
           9
           9
           9
           9
           9
           9
           9
           9
           9
           9
           9
           9
           9
           9
           9
           9
           9
           9
           9
           9
           9
           9
           9
           9
           9
           9
           9
           9
           9
           9
           9
           9
           9
           9
           9
           9
           9
           9
           9
           9
           9
           9
           9
           9
           9
           9
           9
           9
           9
           9
           9
           9
           9
           9
           9
           9
           9
           9
           9
           9
           9
           9
           9
           9
           9
           9
           9
           9
           9
           9
           9
           9
           9
           9
           9
           9
           9
           9
           9
           9
           9
           9
           9
           9
           9
           9
           9
           9
           9
           9
           9
           9
           9
           9
           9
           9
           9
           9
           9
           9
           9
           9
           9
           9
           9
           9
           9
           9
           9
           9
           9
           9
           9
           9
           9
           9
           9
           9
           9
           9
           9
           9
           9
           9
           9
           9
           9
           9
           9
           9
           9
           9
           9
           9
           9
           9
           9
           9
           9
           9
           9
           9
           9
           9
           9
           9
           9
           9
           9
           9
           9
           9
           9
           9
           9
           9
           9
           9
           9
           9
           9
           9
           9
           9
           9
           9
           9
           9
           9
           9
           9
           9
           9
           9
           9
           9
           9
           9
           9
           9
           9
           9
           9
           9
           9
           9
           9
           9
           9
           9
           9
           9
           9
           9
           9
           9
           9
           9
           9
           9
           9
           9
           9
           9
           9
           9
