C /1/ HEADING CARD (80A1)
C NASLOV
  Untitled
C /2/ FORMAT FOR INPUT DATA (free format)
C INDFOR
    2
C /3/ BASIC DATA FOR THE PROBLEM (4I5,5X.I5)
C NP,NGELEM,NMATM,NPER,NKRT,NCRACK,NCXFEM,IGBM
  289    1    1    1          
C /4/ BASIC DATA FOR THE PROBLEM (6I2,3X,3I5)
C (IOPGL(I),I=1,6),NDIN,ISOPS,ICVEL
 0 0 1 1 1 1       0    0    1
C /5/ DATA FOR POST-PROCESSING (10I5)
C NULAZ,NBLPR,NBLGR,ISTKO,NCVPR,ISTEM,ISTVN,ISTSI,ISTDE,ISTNA
    0    1    1    0    0    0    0    0    0    0    0
C /6/ GROUP OF CARDS WITH DATA FOR BLOCKS (5I5)
C NBL,(NPRGR(NBL,I),I=1,4)
    1    1    1 9000    0
    1    1    1 9000    0
C /7/ DATA FOR RESTART (I5,10X,2I5,2F10.0)
C IREST,       NMODS,ICCGG,    TOLG,    ALFAG
    0              0    0  0.000000  0.000000
C /8/ GROUP OF CARDS WITH DATA FOR TIME STEPS (2I5,F10.0)
C   I,NKDT(I),DTDT(I)    (I=1,NPER)
    1    1  1.000000
C /9/ DATA FOR EQULIBRIUM ITERATIONS (5I5,4F10.0,I5)
C METOD,MAXIT,KONVE,KONVS,KONVM,TOLE,    TOLS,     TOLM,     TOLA,NBRCR
    4   30    1    0    0  0.001000  0.000000  0.000000  0.000000    2
C /10/ GROUP OF CARDS FOR NODAL POINT DATA (I5,A1,6I2,2X,3F10.0,2I5) (K=1,NP)
C  N,CH,(ID(N,I),I=1,6),   (CORD(N,J),J=1,3),      KORC,LJ(N)
    1  1 1 1 1 1 1     0.00000   0.00000   0.00000    0    0
    2  1 1 1 1 1 1     0.00000   2.75000   0.00000    0    0
    3  1 1 1 1 1 1     0.00000   5.50000   0.00000    0    0
    4  1 1 1 1 1 1     0.00000   8.25000   0.00000    0    0
    5  1 1 1 1 1 1     0.00000  11.00000   0.00000    0    0
    6  1 1 1 1 1 1     0.00000  13.75000   0.00000    0    0
    7  1 1 1 1 1 1     0.00000  16.50000   0.00000    0    0
    8  1 1 1 1 1 1     0.00000  19.25000   0.00000    0    0
    9  1 1 1 1 1 1     0.00000  22.00000   0.00000    0    0
   10  1 1 1 1 1 1     0.00000  24.75000   0.00000    0    0
   11  1 1 1 1 1 1     0.00000  27.50000   0.00000    0    0
   12  1 1 1 1 1 1     0.00000  30.25000   0.00000    0    0
   13  1 1 1 1 1 1     0.00000  33.00000   0.00000    0    0
   14  1 1 1 1 1 1     0.00000  35.75000   0.00000    0    0
   15  1 1 1 1 1 1     0.00000  38.50000   0.00000    0    0
   16  1 1 1 1 1 1     0.00000  41.25000   0.00000    0    0
   17  1 1 1 1 1 1     0.00000  44.00000   0.00000    0    0
   18  0 0 0 0 0 0     3.00000  45.00000   0.00000    0    0
   19  0 0 0 0 0 0     6.00000  46.00000   0.00000    0    0
   20  0 0 0 0 0 0     9.00000  47.00000   0.00000    0    0
   21  0 0 0 0 0 0    12.00000  48.00000   0.00000    0    0
   22  0 0 0 0 0 0    15.00000  49.00000   0.00000    0    0
   23  0 0 0 0 0 0    18.00000  50.00000   0.00000    0    0
   24  0 0 0 0 0 0    21.00000  51.00000   0.00000    0    0
   25  0 0 0 0 0 0    24.00000  52.00000   0.00000    0    0
   26  0 0 0 0 0 0    27.00000  53.00000   0.00000    0    0
   27  0 0 0 0 0 0    30.00000  54.00000   0.00000    0    0
   28  0 0 0 0 0 0    33.00000  55.00000   0.00000    0    0
   29  0 0 0 0 0 0    36.00000  56.00000   0.00000    0    0
   30  0 0 0 0 0 0    39.00000  57.00000   0.00000    0    0
   31  0 0 0 0 0 0    42.00000  58.00000   0.00000    0    0
   32  0 0 0 0 0 0    45.00000  59.00000   0.00000    0    0
   33  0 0 0 0 0 0    48.00000  60.00000   0.00000    0    0
   34  0 0 0 0 0 0    48.00000  59.00000   0.00000    0    0
   35  0 0 0 0 0 0    48.00000  58.00000   0.00000    0    0
   36  0 0 0 0 0 0    48.00000  57.00000   0.00000    0    0
   37  0 0 0 0 0 0    48.00000  56.00000   0.00000    0    0
   38  0 0 0 0 0 0    48.00000  55.00000   0.00000    0    0
   39  0 0 0 0 0 0    48.00000  54.00000   0.00000    0    0
   40  0 0 0 0 0 0    48.00000  53.00000   0.00000    0    0
   41  0 0 0 0 0 0    48.00000  52.00000   0.00000    0    0
   42  0 0 0 0 0 0    48.00000  51.00000   0.00000    0    0
   43  0 0 0 0 0 0    48.00000  50.00000   0.00000    0    0
   44  0 0 0 0 0 0    48.00000  49.00000   0.00000    0    0
   45  0 0 0 0 0 0    48.00000  48.00000   0.00000    0    0
   46  0 0 0 0 0 0    48.00000  47.00000   0.00000    0    0
   47  0 0 0 0 0 0    48.00000  46.00000   0.00000    0    0
   48  0 0 0 0 0 0    48.00000  45.00000   0.00000    0    0
   49  0 0 0 0 0 0    48.00000  44.00000   0.00000    0    0
   50  0 0 0 0 0 0    45.00000  41.25000   0.00000    0    0
   51  0 0 0 0 0 0    42.00000  38.50000   0.00000    0    0
   52  0 0 0 0 0 0    39.00000  35.75000   0.00000    0    0
   53  0 0 0 0 0 0    36.00000  33.00000   0.00000    0    0
   54  0 0 0 0 0 0    33.00000  30.25000   0.00000    0    0
   55  0 0 0 0 0 0    30.00000  27.50000   0.00000    0    0
   56  0 0 0 0 0 0    27.00000  24.75000   0.00000    0    0
   57  0 0 0 0 0 0    24.00000  22.00000   0.00000    0    0
   58  0 0 0 0 0 0    21.00000  19.25000   0.00000    0    0
   59  0 0 0 0 0 0    18.00000  16.50000   0.00000    0    0
   60  0 0 0 0 0 0    15.00000  13.75000   0.00000    0    0
   61  0 0 0 0 0 0    12.00000  11.00000   0.00000    0    0
   62  0 0 0 0 0 0     9.00000   8.25000   0.00000    0    0
   63  0 0 0 0 0 0     6.00000   5.50000   0.00000    0    0
   64  0 0 0 0 0 0     3.00000   2.75000   0.00000    0    0
   65  0 0 0 0 0 0     3.00000   5.39063   0.00000    0    0
   66  0 0 0 0 0 0     3.00000   8.03125   0.00000    0    0
   67  0 0 0 0 0 0     3.00000  10.67188   0.00000    0    0
   68  0 0 0 0 0 0     3.00000  13.31250   0.00000    0    0
   69  0 0 0 0 0 0     3.00000  15.95313   0.00000    0    0
   70  0 0 0 0 0 0     3.00000  18.59375   0.00000    0    0
   71  0 0 0 0 0 0     3.00000  21.23438   0.00000    0    0
   72  0 0 0 0 0 0     3.00000  23.87500   0.00000    0    0
   73  0 0 0 0 0 0     3.00000  26.51563   0.00000    0    0
   74  0 0 0 0 0 0     3.00000  29.15625   0.00000    0    0
   75  0 0 0 0 0 0     3.00000  31.79688   0.00000    0    0
   76  0 0 0 0 0 0     3.00000  34.43750   0.00000    0    0
   77  0 0 0 0 0 0     3.00000  37.07813   0.00000    0    0
   78  0 0 0 0 0 0     3.00000  39.71875   0.00000    0    0
   79  0 0 0 0 0 0     3.00000  42.35938   0.00000    0    0
   80  0 0 0 0 0 0     6.00000   8.03125   0.00000    0    0
   81  0 0 0 0 0 0     6.00000  10.56250   0.00000    0    0
   82  0 0 0 0 0 0     6.00000  13.09375   0.00000    0    0
   83  0 0 0 0 0 0     6.00000  15.62500   0.00000    0    0
   84  0 0 0 0 0 0     6.00000  18.15625   0.00000    0    0
   85  0 0 0 0 0 0     6.00000  20.68750   0.00000    0    0
   86  0 0 0 0 0 0     6.00000  23.21875   0.00000    0    0
   87  0 0 0 0 0 0     6.00000  25.75000   0.00000    0    0
   88  0 0 0 0 0 0     6.00000  28.28125   0.00000    0    0
   89  0 0 0 0 0 0     6.00000  30.81250   0.00000    0    0
   90  0 0 0 0 0 0     6.00000  33.34375   0.00000    0    0
   91  0 0 0 0 0 0     6.00000  35.87500   0.00000    0    0
   92  0 0 0 0 0 0     6.00000  38.40625   0.00000    0    0
   93  0 0 0 0 0 0     6.00000  40.93750   0.00000    0    0
   94  0 0 0 0 0 0     6.00000  43.46875   0.00000    0    0
   95  0 0 0 0 0 0     9.00000  10.67188   0.00000    0    0
   96  0 0 0 0 0 0     9.00000  13.09375   0.00000    0    0
   97  0 0 0 0 0 0     9.00000  15.51563   0.00000    0    0
   98  0 0 0 0 0 0     9.00000  17.93750   0.00000    0    0
   99  0 0 0 0 0 0     9.00000  20.35938   0.00000    0    0
  100  0 0 0 0 0 0     9.00000  22.78125   0.00000    0    0
  101  0 0 0 0 0 0     9.00000  25.20313   0.00000    0    0
  102  0 0 0 0 0 0     9.00000  27.62500   0.00000    0    0
  103  0 0 0 0 0 0     9.00000  30.04688   0.00000    0    0
  104  0 0 0 0 0 0     9.00000  32.46875   0.00000    0    0
  105  0 0 0 0 0 0     9.00000  34.89063   0.00000    0    0
  106  0 0 0 0 0 0     9.00000  37.31250   0.00000    0    0
  107  0 0 0 0 0 0     9.00000  39.73438   0.00000    0    0
  108  0 0 0 0 0 0     9.00000  42.15625   0.00000    0    0
  109  0 0 0 0 0 0     9.00000  44.57813   0.00000    0    0
  110  0 0 0 0 0 0    12.00000  13.31250   0.00000    0    0
  111  0 0 0 0 0 0    12.00000  15.62500   0.00000    0    0
  112  0 0 0 0 0 0    12.00000  17.93750   0.00000    0    0
  113  0 0 0 0 0 0    12.00000  20.25000   0.00000    0    0
  114  0 0 0 0 0 0    12.00000  22.56250   0.00000    0    0
  115  0 0 0 0 0 0    12.00000  24.87500   0.00000    0    0
  116  0 0 0 0 0 0    12.00000  27.18750   0.00000    0    0
  117  0 0 0 0 0 0    12.00000  29.50000   0.00000    0    0
  118  0 0 0 0 0 0    12.00000  31.81250   0.00000    0    0
  119  0 0 0 0 0 0    12.00000  34.12500   0.00000    0    0
  120  0 0 0 0 0 0    12.00000  36.43750   0.00000    0    0
  121  0 0 0 0 0 0    12.00000  38.75000   0.00000    0    0
  122  0 0 0 0 0 0    12.00000  41.06250   0.00000    0    0
  123  0 0 0 0 0 0    12.00000  43.37500   0.00000    0    0
  124  0 0 0 0 0 0    12.00000  45.68750   0.00000    0    0
  125  0 0 0 0 0 0    15.00000  15.95313   0.00000    0    0
  126  0 0 0 0 0 0    15.00000  18.15625   0.00000    0    0
  127  0 0 0 0 0 0    15.00000  20.35938   0.00000    0    0
  128  0 0 0 0 0 0    15.00000  22.56250   0.00000    0    0
  129  0 0 0 0 0 0    15.00000  24.76563   0.00000    0    0
  130  0 0 0 0 0 0    15.00000  26.96875   0.00000    0    0
  131  0 0 0 0 0 0    15.00000  29.17188   0.00000    0    0
  132  0 0 0 0 0 0    15.00000  31.37500   0.00000    0    0
  133  0 0 0 0 0 0    15.00000  33.57813   0.00000    0    0
  134  0 0 0 0 0 0    15.00000  35.78125   0.00000    0    0
  135  0 0 0 0 0 0    15.00000  37.98438   0.00000    0    0
  136  0 0 0 0 0 0    15.00000  40.18750   0.00000    0    0
  137  0 0 0 0 0 0    15.00000  42.39063   0.00000    0    0
  138  0 0 0 0 0 0    15.00000  44.59375   0.00000    0    0
  139  0 0 0 0 0 0    15.00000  46.79688   0.00000    0    0
  140  0 0 0 0 0 0    18.00000  18.59375   0.00000    0    0
  141  0 0 0 0 0 0    18.00000  20.68750   0.00000    0    0
  142  0 0 0 0 0 0    18.00000  22.78125   0.00000    0    0
  143  0 0 0 0 0 0    18.00000  24.87500   0.00000    0    0
  144  0 0 0 0 0 0    18.00000  26.96875   0.00000    0    0
  145  0 0 0 0 0 0    18.00000  29.06250   0.00000    0    0
  146  0 0 0 0 0 0    18.00000  31.15625   0.00000    0    0
  147  0 0 0 0 0 0    18.00000  33.25000   0.00000    0    0
  148  0 0 0 0 0 0    18.00000  35.34375   0.00000    0    0
  149  0 0 0 0 0 0    18.00000  37.43750   0.00000    0    0
  150  0 0 0 0 0 0    18.00000  39.53125   0.00000    0    0
  151  0 0 0 0 0 0    18.00000  41.62500   0.00000    0    0
  152  0 0 0 0 0 0    18.00000  43.71875   0.00000    0    0
  153  0 0 0 0 0 0    18.00000  45.81250   0.00000    0    0
  154  0 0 0 0 0 0    18.00000  47.90625   0.00000    0    0
  155  0 0 0 0 0 0    21.00000  21.23438   0.00000    0    0
  156  0 0 0 0 0 0    21.00000  23.21875   0.00000    0    0
  157  0 0 0 0 0 0    21.00000  25.20313   0.00000    0    0
  158  0 0 0 0 0 0    21.00000  27.18750   0.00000    0    0
  159  0 0 0 0 0 0    21.00000  29.17188   0.00000    0    0
  160  0 0 0 0 0 0    21.00000  31.15625   0.00000    0    0
  161  0 0 0 0 0 0    21.00000  33.14063   0.00000    0    0
  162  0 0 0 0 0 0    21.00000  35.12500   0.00000    0    0
  163  0 0 0 0 0 0    21.00000  37.10938   0.00000    0    0
  164  0 0 0 0 0 0    21.00000  39.09375   0.00000    0    0
  165  0 0 0 0 0 0    21.00000  41.07813   0.00000    0    0
  166  0 0 0 0 0 0    21.00000  43.06250   0.00000    0    0
  167  0 0 0 0 0 0    21.00000  45.04688   0.00000    0    0
  168  0 0 0 0 0 0    21.00000  47.03125   0.00000    0    0
  169  0 0 0 0 0 0    21.00000  49.01563   0.00000    0    0
  170  0 0 0 0 0 0    24.00000  23.87500   0.00000    0    0
  171  0 0 0 0 0 0    24.00000  25.75000   0.00000    0    0
  172  0 0 0 0 0 0    24.00000  27.62500   0.00000    0    0
  173  0 0 0 0 0 0    24.00000  29.50000   0.00000    0    0
  174  0 0 0 0 0 0    24.00000  31.37500   0.00000    0    0
  175  0 0 0 0 0 0    24.00000  33.25000   0.00000    0    0
  176  0 0 0 0 0 0    24.00000  35.12500   0.00000    0    0
  177  0 0 0 0 0 0    24.00000  37.00000   0.00000    0    0
  178  0 0 0 0 0 0    24.00000  38.87500   0.00000    0    0
  179  0 0 0 0 0 0    24.00000  40.75000   0.00000    0    0
  180  0 0 0 0 0 0    24.00000  42.62500   0.00000    0    0
  181  0 0 0 0 0 0    24.00000  44.50000   0.00000    0    0
  182  0 0 0 0 0 0    24.00000  46.37500   0.00000    0    0
  183  0 0 0 0 0 0    24.00000  48.25000   0.00000    0    0
  184  0 0 0 0 0 0    24.00000  50.12500   0.00000    0    0
  185  0 0 0 0 0 0    27.00000  26.51563   0.00000    0    0
  186  0 0 0 0 0 0    27.00000  28.28125   0.00000    0    0
  187  0 0 0 0 0 0    27.00000  30.04688   0.00000    0    0
  188  0 0 0 0 0 0    27.00000  31.81250   0.00000    0    0
  189  0 0 0 0 0 0    27.00000  33.57813   0.00000    0    0
  190  0 0 0 0 0 0    27.00000  35.34375   0.00000    0    0
  191  0 0 0 0 0 0    27.00000  37.10938   0.00000    0    0
  192  0 0 0 0 0 0    27.00000  38.87500   0.00000    0    0
  193  0 0 0 0 0 0    27.00000  40.64063   0.00000    0    0
  194  0 0 0 0 0 0    27.00000  42.40625   0.00000    0    0
  195  0 0 0 0 0 0    27.00000  44.17188   0.00000    0    0
  196  0 0 0 0 0 0    27.00000  45.93750   0.00000    0    0
  197  0 0 0 0 0 0    27.00000  47.70313   0.00000    0    0
  198  0 0 0 0 0 0    27.00000  49.46875   0.00000    0    0
  199  0 0 0 0 0 0    27.00000  51.23438   0.00000    0    0
  200  0 0 0 0 0 0    30.00000  29.15625   0.00000    0    0
  201  0 0 0 0 0 0    30.00000  30.81250   0.00000    0    0
  202  0 0 0 0 0 0    30.00000  32.46875   0.00000    0    0
  203  0 0 0 0 0 0    30.00000  34.12500   0.00000    0    0
  204  0 0 0 0 0 0    30.00000  35.78125   0.00000    0    0
  205  0 0 0 0 0 0    30.00000  37.43750   0.00000    0    0
  206  0 0 0 0 0 0    30.00000  39.09375   0.00000    0    0
  207  0 0 0 0 0 0    30.00000  40.75000   0.00000    0    0
  208  0 0 0 0 0 0    30.00000  42.40625   0.00000    0    0
  209  0 0 0 0 0 0    30.00000  44.06250   0.00000    0    0
  210  0 0 0 0 0 0    30.00000  45.71875   0.00000    0    0
  211  0 0 0 0 0 0    30.00000  47.37500   0.00000    0    0
  212  0 0 0 0 0 0    30.00000  49.03125   0.00000    0    0
  213  0 0 0 0 0 0    30.00000  50.68750   0.00000    0    0
  214  0 0 0 0 0 0    30.00000  52.34375   0.00000    0    0
  215  0 0 0 0 0 0    33.00000  31.79688   0.00000    0    0
  216  0 0 0 0 0 0    33.00000  33.34375   0.00000    0    0
  217  0 0 0 0 0 0    33.00000  34.89063   0.00000    0    0
  218  0 0 0 0 0 0    33.00000  36.43750   0.00000    0    0
  219  0 0 0 0 0 0    33.00000  37.98438   0.00000    0    0
  220  0 0 0 0 0 0    33.00000  39.53125   0.00000    0    0
  221  0 0 0 0 0 0    33.00000  41.07813   0.00000    0    0
  222  0 0 0 0 0 0    33.00000  42.62500   0.00000    0    0
  223  0 0 0 0 0 0    33.00000  44.17188   0.00000    0    0
  224  0 0 0 0 0 0    33.00000  45.71875   0.00000    0    0
  225  0 0 0 0 0 0    33.00000  47.26563   0.00000    0    0
  226  0 0 0 0 0 0    33.00000  48.81250   0.00000    0    0
  227  0 0 0 0 0 0    33.00000  50.35938   0.00000    0    0
  228  0 0 0 0 0 0    33.00000  51.90625   0.00000    0    0
  229  0 0 0 0 0 0    33.00000  53.45313   0.00000    0    0
  230  0 0 0 0 0 0    36.00000  34.43750   0.00000    0    0
  231  0 0 0 0 0 0    36.00000  35.87500   0.00000    0    0
  232  0 0 0 0 0 0    36.00000  37.31250   0.00000    0    0
  233  0 0 0 0 0 0    36.00000  38.75000   0.00000    0    0
  234  0 0 0 0 0 0    36.00000  40.18750   0.00000    0    0
  235  0 0 0 0 0 0    36.00000  41.62500   0.00000    0    0
  236  0 0 0 0 0 0    36.00000  43.06250   0.00000    0    0
  237  0 0 0 0 0 0    36.00000  44.50000   0.00000    0    0
  238  0 0 0 0 0 0    36.00000  45.93750   0.00000    0    0
  239  0 0 0 0 0 0    36.00000  47.37500   0.00000    0    0
  240  0 0 0 0 0 0    36.00000  48.81250   0.00000    0    0
  241  0 0 0 0 0 0    36.00000  50.25000   0.00000    0    0
  242  0 0 0 0 0 0    36.00000  51.68750   0.00000    0    0
  243  0 0 0 0 0 0    36.00000  53.12500   0.00000    0    0
  244  0 0 0 0 0 0    36.00000  54.56250   0.00000    0    0
  245  0 0 0 0 0 0    39.00000  37.07813   0.00000    0    0
  246  0 0 0 0 0 0    39.00000  38.40625   0.00000    0    0
  247  0 0 0 0 0 0    39.00000  39.73438   0.00000    0    0
  248  0 0 0 0 0 0    39.00000  41.06250   0.00000    0    0
  249  0 0 0 0 0 0    39.00000  42.39063   0.00000    0    0
  250  0 0 0 0 0 0    39.00000  43.71875   0.00000    0    0
  251  0 0 0 0 0 0    39.00000  45.04688   0.00000    0    0
  252  0 0 0 0 0 0    39.00000  46.37500   0.00000    0    0
  253  0 0 0 0 0 0    39.00000  47.70313   0.00000    0    0
  254  0 0 0 0 0 0    39.00000  49.03125   0.00000    0    0
  255  0 0 0 0 0 0    39.00000  50.35938   0.00000    0    0
  256  0 0 0 0 0 0    39.00000  51.68750   0.00000    0    0
  257  0 0 0 0 0 0    39.00000  53.01563   0.00000    0    0
  258  0 0 0 0 0 0    39.00000  54.34375   0.00000    0    0
  259  0 0 0 0 0 0    39.00000  55.67188   0.00000    0    0
  260  0 0 0 0 0 0    42.00000  39.71875   0.00000    0    0
  261  0 0 0 0 0 0    42.00000  40.93750   0.00000    0    0
  262  0 0 0 0 0 0    42.00000  42.15625   0.00000    0    0
  263  0 0 0 0 0 0    42.00000  43.37500   0.00000    0    0
  264  0 0 0 0 0 0    42.00000  44.59375   0.00000    0    0
  265  0 0 0 0 0 0    42.00000  45.81250   0.00000    0    0
  266  0 0 0 0 0 0    42.00000  47.03125   0.00000    0    0
  267  0 0 0 0 0 0    42.00000  48.25000   0.00000    0    0
  268  0 0 0 0 0 0    42.00000  49.46875   0.00000    0    0
  269  0 0 0 0 0 0    42.00000  50.68750   0.00000    0    0
  270  0 0 0 0 0 0    42.00000  51.90625   0.00000    0    0
  271  0 0 0 0 0 0    42.00000  53.12500   0.00000    0    0
  272  0 0 0 0 0 0    42.00000  54.34375   0.00000    0    0
  273  0 0 0 0 0 0    42.00000  55.56250   0.00000    0    0
  274  0 0 0 0 0 0    42.00000  56.78125   0.00000    0    0
  275  0 0 0 0 0 0    45.00000  42.35938   0.00000    0    0
  276  0 0 0 0 0 0    45.00000  43.46875   0.00000    0    0
  277  0 0 0 0 0 0    45.00000  44.57813   0.00000    0    0
  278  0 0 0 0 0 0    45.00000  45.68750   0.00000    0    0
  279  0 0 0 0 0 0    45.00000  46.79688   0.00000    0    0
  280  0 0 0 0 0 0    45.00000  47.90625   0.00000    0    0
  281  0 0 0 0 0 0    45.00000  49.01563   0.00000    0    0
  282  0 0 0 0 0 0    45.00000  50.12500   0.00000    0    0
  283  0 0 0 0 0 0    45.00000  51.23438   0.00000    0    0
  284  0 0 0 0 0 0    45.00000  52.34375   0.00000    0    0
  285  0 0 0 0 0 0    45.00000  53.45313   0.00000    0    0
  286  0 0 0 0 0 0    45.00000  54.56250   0.00000    0    0
  287  0 0 0 0 0 0    45.00000  55.67188   0.00000    0    0
  288  0 0 0 0 0 0    45.00000  56.78125   0.00000    0    0
  289  0 0 0 0 0 0    45.00000  57.89063   0.00000    0    0
C /11/ GENERAL DATA FOR MATERIAL MODELS (3I5)
C (MODEL(I,K),I=1,3)    (K=1,NMATM)
    1    1   20
C /12/ DATA FOR EACH MATERIAL (2I5,F10.0)
C MOD  MAT     GUST
    1    10.0000e+00
C /12-1/ MATERIAL MODEL 1 (ELASTIC-ISOTROPIC)
C YOUNGS MODULI (F10.0)
C        E
1.0000e+00
C POISSONS RATIO (F10.0)
C        V
3.3333e-01
C /13/ ELEMENT GROUP DATA (7I5,3F10.0)    (I=1,NGELEM)
C NETIP,NE,IATYP,NMODM,INDBTH,INDDTH,INDKOV, COEF1, COEF2, COEF3
    2  256    0    1    0    0    0  0.000000  0.000000  0.000000
C /13-2/ DATA FOR 2D ISOPARAMETRIC ELEMENTS
C a) First card with basic data for the element group (4I5,F10.0,I5,3F10.0,I5)
C IETYP,NGAUSX,NGAUSY,MSET,BETA,MSLOJ,CPP1,CPP2,CPP3,IALFA
    0    2    2    0  0.000000    0  0.000000  0.000000  0.000000    0
C b) Card wiht data for the current element (5I5,F10.0,I5,2F10.0)
C NN,NMAT,IPRCO,ISNA,IPGS,THI,KORC,BTH,DTH
C c) Card with nodal point data for the current element (9I5)
C (NEL(NN,I),I=1,9)
    1    1    0    0    0  1.000000    0  0.000000  0.000000
    2    1   64   65
    2    1    0    0    0  1.000000    0  0.000000  0.000000
    3    2   65   66
    3    1    0    0    0  1.000000    0  0.000000  0.000000
    4    3   66   67
    4    1    0    0    0  1.000000    0  0.000000  0.000000
    5    4   67   68
    5    1    0    0    0  1.000000    0  0.000000  0.000000
    6    5   68   69
    6    1    0    0    0  1.000000    0  0.000000  0.000000
    7    6   69   70
    7    1    0    0    0  1.000000    0  0.000000  0.000000
    8    7   70   71
    8    1    0    0    0  1.000000    0  0.000000  0.000000
    9    8   71   72
    9    1    0    0    0  1.000000    0  0.000000  0.000000
   10    9   72   73
   10    1    0    0    0  1.000000    0  0.000000  0.000000
   11   10   73   74
   11    1    0    0    0  1.000000    0  0.000000  0.000000
   12   11   74   75
   12    1    0    0    0  1.000000    0  0.000000  0.000000
   13   12   75   76
   13    1    0    0    0  1.000000    0  0.000000  0.000000
   14   13   76   77
   14    1    0    0    0  1.000000    0  0.000000  0.000000
   15   14   77   78
   15    1    0    0    0  1.000000    0  0.000000  0.000000
   16   15   78   79
   16    1    0    0    0  1.000000    0  0.000000  0.000000
   17   16   79   18
   17    1    0    0    0  1.000000    0  0.000000  0.000000
   65   64   63   80
   18    1    0    0    0  1.000000    0  0.000000  0.000000
   66   65   80   81
   19    1    0    0    0  1.000000    0  0.000000  0.000000
   67   66   81   82
   20    1    0    0    0  1.000000    0  0.000000  0.000000
   68   67   82   83
   21    1    0    0    0  1.000000    0  0.000000  0.000000
   69   68   83   84
   22    1    0    0    0  1.000000    0  0.000000  0.000000
   70   69   84   85
   23    1    0    0    0  1.000000    0  0.000000  0.000000
   71   70   85   86
   24    1    0    0    0  1.000000    0  0.000000  0.000000
   72   71   86   87
   25    1    0    0    0  1.000000    0  0.000000  0.000000
   73   72   87   88
   26    1    0    0    0  1.000000    0  0.000000  0.000000
   74   73   88   89
   27    1    0    0    0  1.000000    0  0.000000  0.000000
   75   74   89   90
   28    1    0    0    0  1.000000    0  0.000000  0.000000
   76   75   90   91
   29    1    0    0    0  1.000000    0  0.000000  0.000000
   77   76   91   92
   30    1    0    0    0  1.000000    0  0.000000  0.000000
   78   77   92   93
   31    1    0    0    0  1.000000    0  0.000000  0.000000
   79   78   93   94
   32    1    0    0    0  1.000000    0  0.000000  0.000000
   18   79   94   19
   33    1    0    0    0  1.000000    0  0.000000  0.000000
   80   63   62   95
   34    1    0    0    0  1.000000    0  0.000000  0.000000
   81   80   95   96
   35    1    0    0    0  1.000000    0  0.000000  0.000000
   82   81   96   97
   36    1    0    0    0  1.000000    0  0.000000  0.000000
   83   82   97   98
   37    1    0    0    0  1.000000    0  0.000000  0.000000
   84   83   98   99
   38    1    0    0    0  1.000000    0  0.000000  0.000000
   85   84   99  100
   39    1    0    0    0  1.000000    0  0.000000  0.000000
   86   85  100  101
   40    1    0    0    0  1.000000    0  0.000000  0.000000
   87   86  101  102
   41    1    0    0    0  1.000000    0  0.000000  0.000000
   88   87  102  103
   42    1    0    0    0  1.000000    0  0.000000  0.000000
   89   88  103  104
   43    1    0    0    0  1.000000    0  0.000000  0.000000
   90   89  104  105
   44    1    0    0    0  1.000000    0  0.000000  0.000000
   91   90  105  106
   45    1    0    0    0  1.000000    0  0.000000  0.000000
   92   91  106  107
   46    1    0    0    0  1.000000    0  0.000000  0.000000
   93   92  107  108
   47    1    0    0    0  1.000000    0  0.000000  0.000000
   94   93  108  109
   48    1    0    0    0  1.000000    0  0.000000  0.000000
   19   94  109   20
   49    1    0    0    0  1.000000    0  0.000000  0.000000
   95   62   61  110
   50    1    0    0    0  1.000000    0  0.000000  0.000000
   96   95  110  111
   51    1    0    0    0  1.000000    0  0.000000  0.000000
   97   96  111  112
   52    1    0    0    0  1.000000    0  0.000000  0.000000
   98   97  112  113
   53    1    0    0    0  1.000000    0  0.000000  0.000000
   99   98  113  114
   54    1    0    0    0  1.000000    0  0.000000  0.000000
  100   99  114  115
   55    1    0    0    0  1.000000    0  0.000000  0.000000
  101  100  115  116
   56    1    0    0    0  1.000000    0  0.000000  0.000000
  102  101  116  117
   57    1    0    0    0  1.000000    0  0.000000  0.000000
  103  102  117  118
   58    1    0    0    0  1.000000    0  0.000000  0.000000
  104  103  118  119
   59    1    0    0    0  1.000000    0  0.000000  0.000000
  105  104  119  120
   60    1    0    0    0  1.000000    0  0.000000  0.000000
  106  105  120  121
   61    1    0    0    0  1.000000    0  0.000000  0.000000
  107  106  121  122
   62    1    0    0    0  1.000000    0  0.000000  0.000000
  108  107  122  123
   63    1    0    0    0  1.000000    0  0.000000  0.000000
  109  108  123  124
   64    1    0    0    0  1.000000    0  0.000000  0.000000
   20  109  124   21
   65    1    0    0    0  1.000000    0  0.000000  0.000000
  110   61   60  125
   66    1    0    0    0  1.000000    0  0.000000  0.000000
  111  110  125  126
   67    1    0    0    0  1.000000    0  0.000000  0.000000
  112  111  126  127
   68    1    0    0    0  1.000000    0  0.000000  0.000000
  113  112  127  128
   69    1    0    0    0  1.000000    0  0.000000  0.000000
  114  113  128  129
   70    1    0    0    0  1.000000    0  0.000000  0.000000
  115  114  129  130
   71    1    0    0    0  1.000000    0  0.000000  0.000000
  116  115  130  131
   72    1    0    0    0  1.000000    0  0.000000  0.000000
  117  116  131  132
   73    1    0    0    0  1.000000    0  0.000000  0.000000
  118  117  132  133
   74    1    0    0    0  1.000000    0  0.000000  0.000000
  119  118  133  134
   75    1    0    0    0  1.000000    0  0.000000  0.000000
  120  119  134  135
   76    1    0    0    0  1.000000    0  0.000000  0.000000
  121  120  135  136
   77    1    0    0    0  1.000000    0  0.000000  0.000000
  122  121  136  137
   78    1    0    0    0  1.000000    0  0.000000  0.000000
  123  122  137  138
   79    1    0    0    0  1.000000    0  0.000000  0.000000
  124  123  138  139
   80    1    0    0    0  1.000000    0  0.000000  0.000000
   21  124  139   22
   81    1    0    0    0  1.000000    0  0.000000  0.000000
  125   60   59  140
   82    1    0    0    0  1.000000    0  0.000000  0.000000
  126  125  140  141
   83    1    0    0    0  1.000000    0  0.000000  0.000000
  127  126  141  142
   84    1    0    0    0  1.000000    0  0.000000  0.000000
  128  127  142  143
   85    1    0    0    0  1.000000    0  0.000000  0.000000
  129  128  143  144
   86    1    0    0    0  1.000000    0  0.000000  0.000000
  130  129  144  145
   87    1    0    0    0  1.000000    0  0.000000  0.000000
  131  130  145  146
   88    1    0    0    0  1.000000    0  0.000000  0.000000
  132  131  146  147
   89    1    0    0    0  1.000000    0  0.000000  0.000000
  133  132  147  148
   90    1    0    0    0  1.000000    0  0.000000  0.000000
  134  133  148  149
   91    1    0    0    0  1.000000    0  0.000000  0.000000
  135  134  149  150
   92    1    0    0    0  1.000000    0  0.000000  0.000000
  136  135  150  151
   93    1    0    0    0  1.000000    0  0.000000  0.000000
  137  136  151  152
   94    1    0    0    0  1.000000    0  0.000000  0.000000
  138  137  152  153
   95    1    0    0    0  1.000000    0  0.000000  0.000000
  139  138  153  154
   96    1    0    0    0  1.000000    0  0.000000  0.000000
   22  139  154   23
   97    1    0    0    0  1.000000    0  0.000000  0.000000
  140   59   58  155
   98    1    0    0    0  1.000000    0  0.000000  0.000000
  141  140  155  156
   99    1    0    0    0  1.000000    0  0.000000  0.000000
  142  141  156  157
  100    1    0    0    0  1.000000    0  0.000000  0.000000
  143  142  157  158
  101    1    0    0    0  1.000000    0  0.000000  0.000000
  144  143  158  159
  102    1    0    0    0  1.000000    0  0.000000  0.000000
  145  144  159  160
  103    1    0    0    0  1.000000    0  0.000000  0.000000
  146  145  160  161
  104    1    0    0    0  1.000000    0  0.000000  0.000000
  147  146  161  162
  105    1    0    0    0  1.000000    0  0.000000  0.000000
  148  147  162  163
  106    1    0    0    0  1.000000    0  0.000000  0.000000
  149  148  163  164
  107    1    0    0    0  1.000000    0  0.000000  0.000000
  150  149  164  165
  108    1    0    0    0  1.000000    0  0.000000  0.000000
  151  150  165  166
  109    1    0    0    0  1.000000    0  0.000000  0.000000
  152  151  166  167
  110    1    0    0    0  1.000000    0  0.000000  0.000000
  153  152  167  168
  111    1    0    0    0  1.000000    0  0.000000  0.000000
  154  153  168  169
  112    1    0    0    0  1.000000    0  0.000000  0.000000
   23  154  169   24
  113    1    0    0    0  1.000000    0  0.000000  0.000000
  155   58   57  170
  114    1    0    0    0  1.000000    0  0.000000  0.000000
  156  155  170  171
  115    1    0    0    0  1.000000    0  0.000000  0.000000
  157  156  171  172
  116    1    0    0    0  1.000000    0  0.000000  0.000000
  158  157  172  173
  117    1    0    0    0  1.000000    0  0.000000  0.000000
  159  158  173  174
  118    1    0    0    0  1.000000    0  0.000000  0.000000
  160  159  174  175
  119    1    0    0    0  1.000000    0  0.000000  0.000000
  161  160  175  176
  120    1    0    0    0  1.000000    0  0.000000  0.000000
  162  161  176  177
  121    1    0    0    0  1.000000    0  0.000000  0.000000
  163  162  177  178
  122    1    0    0    0  1.000000    0  0.000000  0.000000
  164  163  178  179
  123    1    0    0    0  1.000000    0  0.000000  0.000000
  165  164  179  180
  124    1    0    0    0  1.000000    0  0.000000  0.000000
  166  165  180  181
  125    1    0    0    0  1.000000    0  0.000000  0.000000
  167  166  181  182
  126    1    0    0    0  1.000000    0  0.000000  0.000000
  168  167  182  183
  127    1    0    0    0  1.000000    0  0.000000  0.000000
  169  168  183  184
  128    1    0    0    0  1.000000    0  0.000000  0.000000
   24  169  184   25
  129    1    0    0    0  1.000000    0  0.000000  0.000000
  170   57   56  185
  130    1    0    0    0  1.000000    0  0.000000  0.000000
  171  170  185  186
  131    1    0    0    0  1.000000    0  0.000000  0.000000
  172  171  186  187
  132    1    0    0    0  1.000000    0  0.000000  0.000000
  173  172  187  188
  133    1    0    0    0  1.000000    0  0.000000  0.000000
  174  173  188  189
  134    1    0    0    0  1.000000    0  0.000000  0.000000
  175  174  189  190
  135    1    0    0    0  1.000000    0  0.000000  0.000000
  176  175  190  191
  136    1    0    0    0  1.000000    0  0.000000  0.000000
  177  176  191  192
  137    1    0    0    0  1.000000    0  0.000000  0.000000
  178  177  192  193
  138    1    0    0    0  1.000000    0  0.000000  0.000000
  179  178  193  194
  139    1    0    0    0  1.000000    0  0.000000  0.000000
  180  179  194  195
  140    1    0    0    0  1.000000    0  0.000000  0.000000
  181  180  195  196
  141    1    0    0    0  1.000000    0  0.000000  0.000000
  182  181  196  197
  142    1    0    0    0  1.000000    0  0.000000  0.000000
  183  182  197  198
  143    1    0    0    0  1.000000    0  0.000000  0.000000
  184  183  198  199
  144    1    0    0    0  1.000000    0  0.000000  0.000000
   25  184  199   26
  145    1    0    0    0  1.000000    0  0.000000  0.000000
  185   56   55  200
  146    1    0    0    0  1.000000    0  0.000000  0.000000
  186  185  200  201
  147    1    0    0    0  1.000000    0  0.000000  0.000000
  187  186  201  202
  148    1    0    0    0  1.000000    0  0.000000  0.000000
  188  187  202  203
  149    1    0    0    0  1.000000    0  0.000000  0.000000
  189  188  203  204
  150    1    0    0    0  1.000000    0  0.000000  0.000000
  190  189  204  205
  151    1    0    0    0  1.000000    0  0.000000  0.000000
  191  190  205  206
  152    1    0    0    0  1.000000    0  0.000000  0.000000
  192  191  206  207
  153    1    0    0    0  1.000000    0  0.000000  0.000000
  193  192  207  208
  154    1    0    0    0  1.000000    0  0.000000  0.000000
  194  193  208  209
  155    1    0    0    0  1.000000    0  0.000000  0.000000
  195  194  209  210
  156    1    0    0    0  1.000000    0  0.000000  0.000000
  196  195  210  211
  157    1    0    0    0  1.000000    0  0.000000  0.000000
  197  196  211  212
  158    1    0    0    0  1.000000    0  0.000000  0.000000
  198  197  212  213
  159    1    0    0    0  1.000000    0  0.000000  0.000000
  199  198  213  214
  160    1    0    0    0  1.000000    0  0.000000  0.000000
   26  199  214   27
  161    1    0    0    0  1.000000    0  0.000000  0.000000
  200   55   54  215
  162    1    0    0    0  1.000000    0  0.000000  0.000000
  201  200  215  216
  163    1    0    0    0  1.000000    0  0.000000  0.000000
  202  201  216  217
  164    1    0    0    0  1.000000    0  0.000000  0.000000
  203  202  217  218
  165    1    0    0    0  1.000000    0  0.000000  0.000000
  204  203  218  219
  166    1    0    0    0  1.000000    0  0.000000  0.000000
  205  204  219  220
  167    1    0    0    0  1.000000    0  0.000000  0.000000
  206  205  220  221
  168    1    0    0    0  1.000000    0  0.000000  0.000000
  207  206  221  222
  169    1    0    0    0  1.000000    0  0.000000  0.000000
  208  207  222  223
  170    1    0    0    0  1.000000    0  0.000000  0.000000
  209  208  223  224
  171    1    0    0    0  1.000000    0  0.000000  0.000000
  210  209  224  225
  172    1    0    0    0  1.000000    0  0.000000  0.000000
  211  210  225  226
  173    1    0    0    0  1.000000    0  0.000000  0.000000
  212  211  226  227
  174    1    0    0    0  1.000000    0  0.000000  0.000000
  213  212  227  228
  175    1    0    0    0  1.000000    0  0.000000  0.000000
  214  213  228  229
  176    1    0    0    0  1.000000    0  0.000000  0.000000
   27  214  229   28
  177    1    0    0    0  1.000000    0  0.000000  0.000000
  215   54   53  230
  178    1    0    0    0  1.000000    0  0.000000  0.000000
  216  215  230  231
  179    1    0    0    0  1.000000    0  0.000000  0.000000
  217  216  231  232
  180    1    0    0    0  1.000000    0  0.000000  0.000000
  218  217  232  233
  181    1    0    0    0  1.000000    0  0.000000  0.000000
  219  218  233  234
  182    1    0    0    0  1.000000    0  0.000000  0.000000
  220  219  234  235
  183    1    0    0    0  1.000000    0  0.000000  0.000000
  221  220  235  236
  184    1    0    0    0  1.000000    0  0.000000  0.000000
  222  221  236  237
  185    1    0    0    0  1.000000    0  0.000000  0.000000
  223  222  237  238
  186    1    0    0    0  1.000000    0  0.000000  0.000000
  224  223  238  239
  187    1    0    0    0  1.000000    0  0.000000  0.000000
  225  224  239  240
  188    1    0    0    0  1.000000    0  0.000000  0.000000
  226  225  240  241
  189    1    0    0    0  1.000000    0  0.000000  0.000000
  227  226  241  242
  190    1    0    0    0  1.000000    0  0.000000  0.000000
  228  227  242  243
  191    1    0    0    0  1.000000    0  0.000000  0.000000
  229  228  243  244
  192    1    0    0    0  1.000000    0  0.000000  0.000000
   28  229  244   29
  193    1    0    0    0  1.000000    0  0.000000  0.000000
  230   53   52  245
  194    1    0    0    0  1.000000    0  0.000000  0.000000
  231  230  245  246
  195    1    0    0    0  1.000000    0  0.000000  0.000000
  232  231  246  247
  196    1    0    0    0  1.000000    0  0.000000  0.000000
  233  232  247  248
  197    1    0    0    0  1.000000    0  0.000000  0.000000
  234  233  248  249
  198    1    0    0    0  1.000000    0  0.000000  0.000000
  235  234  249  250
  199    1    0    0    0  1.000000    0  0.000000  0.000000
  236  235  250  251
  200    1    0    0    0  1.000000    0  0.000000  0.000000
  237  236  251  252
  201    1    0    0    0  1.000000    0  0.000000  0.000000
  238  237  252  253
  202    1    0    0    0  1.000000    0  0.000000  0.000000
  239  238  253  254
  203    1    0    0    0  1.000000    0  0.000000  0.000000
  240  239  254  255
  204    1    0    0    0  1.000000    0  0.000000  0.000000
  241  240  255  256
  205    1    0    0    0  1.000000    0  0.000000  0.000000
  242  241  256  257
  206    1    0    0    0  1.000000    0  0.000000  0.000000
  243  242  257  258
  207    1    0    0    0  1.000000    0  0.000000  0.000000
  244  243  258  259
  208    1    0    0    0  1.000000    0  0.000000  0.000000
   29  244  259   30
  209    1    0    0    0  1.000000    0  0.000000  0.000000
  245   52   51  260
  210    1    0    0    0  1.000000    0  0.000000  0.000000
  246  245  260  261
  211    1    0    0    0  1.000000    0  0.000000  0.000000
  247  246  261  262
  212    1    0    0    0  1.000000    0  0.000000  0.000000
  248  247  262  263
  213    1    0    0    0  1.000000    0  0.000000  0.000000
  249  248  263  264
  214    1    0    0    0  1.000000    0  0.000000  0.000000
  250  249  264  265
  215    1    0    0    0  1.000000    0  0.000000  0.000000
  251  250  265  266
  216    1    0    0    0  1.000000    0  0.000000  0.000000
  252  251  266  267
  217    1    0    0    0  1.000000    0  0.000000  0.000000
  253  252  267  268
  218    1    0    0    0  1.000000    0  0.000000  0.000000
  254  253  268  269
  219    1    0    0    0  1.000000    0  0.000000  0.000000
  255  254  269  270
  220    1    0    0    0  1.000000    0  0.000000  0.000000
  256  255  270  271
  221    1    0    0    0  1.000000    0  0.000000  0.000000
  257  256  271  272
  222    1    0    0    0  1.000000    0  0.000000  0.000000
  258  257  272  273
  223    1    0    0    0  1.000000    0  0.000000  0.000000
  259  258  273  274
  224    1    0    0    0  1.000000    0  0.000000  0.000000
   30  259  274   31
  225    1    0    0    0  1.000000    0  0.000000  0.000000
  260   51   50  275
  226    1    0    0    0  1.000000    0  0.000000  0.000000
  261  260  275  276
  227    1    0    0    0  1.000000    0  0.000000  0.000000
  262  261  276  277
  228    1    0    0    0  1.000000    0  0.000000  0.000000
  263  262  277  278
  229    1    0    0    0  1.000000    0  0.000000  0.000000
  264  263  278  279
  230    1    0    0    0  1.000000    0  0.000000  0.000000
  265  264  279  280
  231    1    0    0    0  1.000000    0  0.000000  0.000000
  266  265  280  281
  232    1    0    0    0  1.000000    0  0.000000  0.000000
  267  266  281  282
  233    1    0    0    0  1.000000    0  0.000000  0.000000
  268  267  282  283
  234    1    0    0    0  1.000000    0  0.000000  0.000000
  269  268  283  284
  235    1    0    0    0  1.000000    0  0.000000  0.000000
  270  269  284  285
  236    1    0    0    0  1.000000    0  0.000000  0.000000
  271  270  285  286
  237    1    0    0    0  1.000000    0  0.000000  0.000000
  272  271  286  287
  238    1    0    0    0  1.000000    0  0.000000  0.000000
  273  272  287  288
  239    1    0    0    0  1.000000    0  0.000000  0.000000
  274  273  288  289
  240    1    0    0    0  1.000000    0  0.000000  0.000000
   31  274  289   32
  241    1    0    0    0  1.000000    0  0.000000  0.000000
  275   50   49   48
  242    1    0    0    0  1.000000    0  0.000000  0.000000
  276  275   48   47
  243    1    0    0    0  1.000000    0  0.000000  0.000000
  277  276   47   46
  244    1    0    0    0  1.000000    0  0.000000  0.000000
  278  277   46   45
  245    1    0    0    0  1.000000    0  0.000000  0.000000
  279  278   45   44
  246    1    0    0    0  1.000000    0  0.000000  0.000000
  280  279   44   43
  247    1    0    0    0  1.000000    0  0.000000  0.000000
  281  280   43   42
  248    1    0    0    0  1.000000    0  0.000000  0.000000
  282  281   42   41
  249    1    0    0    0  1.000000    0  0.000000  0.000000
  283  282   41   40
  250    1    0    0    0  1.000000    0  0.000000  0.000000
  284  283   40   39
  251    1    0    0    0  1.000000    0  0.000000  0.000000
  285  284   39   38
  252    1    0    0    0  1.000000    0  0.000000  0.000000
  286  285   38   37
  253    1    0    0    0  1.000000    0  0.000000  0.000000
  287  286   37   36
  254    1    0    0    0  1.000000    0  0.000000  0.000000
  288  287   36   35
  255    1    0    0    0  1.000000    0  0.000000  0.000000
  289  288   35   34
  256    1    0    0    0  1.000000    0  0.000000  0.000000
   32  289   34   33
C /14/ DATA ABOUT TIME FUNCTIONS (2I5)
C NTABFT,MAXTFT
    1  100
C a) Data about function in a table form (2I5)
C IBR,IMAX    (IMAX.LE.MAXTFT)
    1    2
C b) Values for argument - function (2F10.0)
C ((FN(I,IBR,J),I=1,2),J=1,IMAX)
 0.0000e+0 1.0000e+0
 1.0000e+4 1.0000e+0
C /15/ GENERAL DATA ABOUT LOADS (4I5,5X,5I5)
C NCF,NPP2,NPP3, NPGR,    NPLJ,NTEMP,NZADP,INDZS,ICERNE
   17    0    0    0         0    0    0    0    0
C /15-1/ CONCENTRATED LOADS DATA (3I5,F10.0,I5,F10.0)
C    N   IP   NC   FAK     KORC    FPOM
   33    2    1  0.031250    0 -0.000000
   49    2    1  0.031250    0 -0.000000
   34    2    1  0.062500    0 -0.000000
   35    2    1  0.062500    0 -0.000000
   36    2    1  0.062500    0 -0.000000
   37    2    1  0.062500    0 -0.000000
   38    2    1  0.062500    0 -0.000000
   39    2    1  0.062500    0 -0.000000
   40    2    1  0.062500    0 -0.000000
   41    2    1  0.062500    0 -0.000000
   42    2    1  0.062500    0 -0.000000
   43    2    1  0.062500    0 -0.000000
   44    2    1  0.062500    0 -0.000000
   45    2    1  0.062500    0 -0.000000
   46    2    1  0.062500    0 -0.000000
   47    2    1  0.062500    0 -0.000000
   48    2    1  0.062500    0 -0.000000
C /16/ FINAL CARD (A4)
STOP