   -1
   450
    1,
ITER
    9,   10,
 1.0000E+00,
    1,
  Untitled                                                                      
    2,
ITER
    9,   10,
 2.0000E+00,
    1,
  Untitled                                                                      
    3,
ITER
    9,   10,
 3.0000E+00,
    1,
  Untitled                                                                      
    4,
ITER
    9,   10,
 4.0000E+00,
    1,
  Untitled                                                                      
    5,
ITER
    9,   10,
 5.0000E+00,
    1,
  Untitled                                                                      
    6,
ITER
    9,   10,
 6.0000E+00,
    1,
  Untitled                                                                      
    7,
ITER
    9,   10,
 7.0000E+00,
    1,
  Untitled                                                                      
    8,
ITER
    9,   10,
 8.0000E+00,
    1,
  Untitled                                                                      
    9,
ITER
    9,   10,
 9.0000E+00,
    1,
  Untitled                                                                      
   10,
ITER
    9,   10,
 1.0000E+01,
    1,
  Untitled                                                                      
   11,
ITER
    9,   10,
 1.1000E+01,
    1,
  Untitled                                                                      
   12,
ITER
    9,   10,
 1.2000E+01,
    1,
  Untitled                                                                      
   13,
ITER
    9,   10,
 1.3000E+01,
    1,
  Untitled                                                                      
   14,
ITER
    9,   10,
 1.4000E+01,
    1,
  Untitled                                                                      
   15,
ITER
    9,   10,
 1.5000E+01,
    1,
  Untitled                                                                      
   16,
ITER
    9,   10,
 1.6000E+01,
    1,
  Untitled                                                                      
   17,
ITER
    9,   10,
 1.7000E+01,
    1,
  Untitled                                                                      
   18,
ITER
    9,   10,
 1.8000E+01,
    1,
  Untitled                                                                      
   19,
ITER
    9,   10,
 1.9000E+01,
    1,
  Untitled                                                                      
   20,
ITER
    9,   10,
 2.0000E+01,
    1,
  Untitled                                                                      
   21,
ITER
    9,   10,
 2.1000E+01,
    1,
  Untitled                                                                      
   22,
ITER
    9,   10,
 2.2000E+01,
    1,
  Untitled                                                                      
   23,
ITER
    9,   10,
 2.3000E+01,
    1,
  Untitled                                                                      
   24,
ITER
    9,   10,
 2.4000E+01,
    1,
  Untitled                                                                      
   25,
ITER
    9,   10,
 2.5000E+01,
    1,
  Untitled                                                                      
   26,
ITER
    9,   10,
 2.6000E+01,
    1,
  Untitled                                                                      
   27,
ITER
    9,   10,
 2.7000E+01,
    1,
  Untitled                                                                      
   28,
ITER
    9,   10,
 2.8000E+01,
    1,
  Untitled                                                                      
   29,
ITER
    9,   10,
 2.9000E+01,
    1,
  Untitled                                                                      
   30,
ITER
    9,   10,
 3.0000E+01,
    1,
  Untitled                                                                      
   31,
ITER
    9,   10,
 3.1000E+01,
    1,
  Untitled                                                                      
   32,
ITER
    9,   10,
 3.2000E+01,
    1,
  Untitled                                                                      
   33,
ITER
    9,   10,
 3.3000E+01,
    1,
  Untitled                                                                      
   34,
ITER
    9,   10,
 3.4000E+01,
    1,
  Untitled                                                                      
   35,
ITER
    9,   10,
 3.5000E+01,
    1,
  Untitled                                                                      
   36,
ITER
    9,   10,
 3.6000E+01,
    1,
  Untitled                                                                      
   37,
ITER
    9,   10,
 3.7000E+01,
    1,
  Untitled                                                                      
   38,
ITER
    9,   10,
 3.8000E+01,
    1,
  Untitled                                                                      
   39,
ITER
    9,   10,
 3.9000E+01,
    1,
  Untitled                                                                      
   40,
ITER
    9,   10,
 4.0000E+01,
    1,
  Untitled                                                                      
   41,
ITER
    9,   10,
 4.1000E+01,
    1,
  Untitled                                                                      
   42,
ITER
    9,   10,
 4.2000E+01,
    1,
  Untitled                                                                      
   43,
ITER
    9,   10,
 4.3000E+01,
    1,
  Untitled                                                                      
   44,
ITER
    9,   10,
 4.4000E+01,
    1,
  Untitled                                                                      
   45,
ITER
    9,   10,
 4.5000E+01,
    1,
  Untitled                                                                      
   46,
ITER
    9,   10,
 4.6000E+01,
    1,
  Untitled                                                                      
   47,
ITER
    9,   10,
 4.7000E+01,
    1,
  Untitled                                                                      
   48,
ITER
    9,   10,
 4.8000E+01,
    1,
  Untitled                                                                      
   49,
ITER
    9,   10,
 4.9000E+01,
    1,
  Untitled                                                                      
   50,
ITER
    9,   10,
 5.0000E+01,
    1,
  Untitled                                                                      
   -1
   -1
   451
    1,   11,    1,
TOTAL VELOCITY
  0.0000E+00,  0.0000E+00,  0.0000E+00,
   12,   13,   14,    0,    0,    0,    0,    0,    0,    0,
    0,    0,    0,    0,    0,    0,    0,    0,    0,    0,
    0,    0,    0,    7,
    1,    1,    1,
         1,  1.2689E+01,
         2,  1.7944E+01,
         3,  3.4331E+03,
         4,  3.4331E+03,
         5,  1.2689E+01,
         6,  0.0000E+00,
         7,  3.4331E+03,
         8,  3.4331E+03,
-1,  0.0000E+00,
    1,   12,    1,
T1 VELOCITY
  0.0000E+00,  0.0000E+00,  0.0000E+00,
   12,    0,    0,    0,    0,    0,    0,    0,    0,    0,
    0,    0,    0,    0,    0,    0,    0,    0,    0,    0,
    0,    0,    0,    7,
    0,    1,    1,
         1,  0.0000E+00,
         2, -1.2689E+01,
         3, -1.2689E+01,
         4,  0.0000E+00,
         5, -1.2689E+01,
         6,  0.0000E+00,
         7,  0.0000E+00,
         8, -1.2689E+01,
-1,  0.0000E+00,
    1,   13,    1,
T2 VELOCITY
  0.0000E+00,  0.0000E+00,  0.0000E+00,
    0,   13,    0,    0,    0,    0,    0,    0,    0,    0,
    0,    0,    0,    0,    0,    0,    0,    0,    0,    0,
    0,    0,    0,    7,
    0,    1,    1,
         1,  0.0000E+00,
         2,  0.0000E+00,
         3, -3.4331E+03,
         4, -3.4331E+03,
         5,  0.0000E+00,
         6,  0.0000E+00,
         7, -3.4331E+03,
         8, -3.4331E+03,
-1,  0.0000E+00,
    1,   14,    1,
T3 VELOCITY
  0.0000E+00,  0.0000E+00,  0.0000E+00,
    0,    0,   14,    0,    0,    0,    0,    0,    0,    0,
    0,    0,    0,    0,    0,    0,    0,    0,    0,    0,
    0,    0,    0,    7,
    0,    1,    1,
         1, -1.2689E+01,
         2, -1.2689E+01,
         3, -1.2689E+01,
         4, -1.2689E+01,
         5,  0.0000E+00,
         6,  0.0000E+00,
         7,  0.0000E+00,
         8,  0.0000E+00,
-1,  0.0000E+00,
    1,    1,    1,
TOTAL TRANSLATION
  0.0000E+00,  0.0000E+00,  0.0000E+00,
    2,    3,    4,    0,    0,    0,    0,    0,    0,    0,
    0,    0,    0,    0,    0,    0,    0,    0,    0,    0,
    0,    0,    1,    7,
    1,    1,    1,
         1,  2.6975E-01,
         2,  3.8148E-01,
         3,  7.9720E-01,
         4,  7.5018E-01,
         5,  2.6975E-01,
         6,  0.0000E+00,
         7,  7.0000E-01,
         8,  7.5018E-01,
-1,  0.0000E+00,
    1,    2,    1,
T1 TRANSLATION
  0.0000E+00,  0.0000E+00,  0.0000E+00,
    2,    0,    0,    0,    0,    0,    0,    0,    0,    0,
    0,    0,    0,    0,    0,    0,    0,    0,    0,    0,
    0,    0,    1,    7,
    0,    1,    1,
         1,  0.0000E+00,
         2,  2.6975E-01,
         3,  2.6975E-01,
         4,  0.0000E+00,
         5,  2.6975E-01,
         6,  0.0000E+00,
         7,  0.0000E+00,
         8,  2.6975E-01,
-1,  0.0000E+00,
    1,    3,    1,
T2 TRANSLATION
  0.0000E+00,  0.0000E+00,  0.0000E+00,
    0,    3,    0,    0,    0,    0,    0,    0,    0,    0,
    0,    0,    0,    0,    0,    0,    0,    0,    0,    0,
    0,    0,    1,    7,
    0,    1,    1,
         1,  0.0000E+00,
         2,  0.0000E+00,
         3, -7.0000E-01,
         4, -7.0000E-01,
         5,  0.0000E+00,
         6,  0.0000E+00,
         7, -7.0000E-01,
         8, -7.0000E-01,
-1,  0.0000E+00,
    1,    4,    1,
T3 TRANSLATION
  0.0000E+00,  0.0000E+00,  0.0000E+00,
    0,    0,    4,    0,    0,    0,    0,    0,    0,    0,
    0,    0,    0,    0,    0,    0,    0,    0,    0,    0,
    0,    0,    1,    7,
    0,    1,    1,
         1,  2.6975E-01,
         2,  2.6975E-01,
         3,  2.6975E-01,
         4,  2.6975E-01,
         5,  0.0000E+00,
         6,  0.0000E+00,
         7,  0.0000E+00,
         8,  0.0000E+00,
-1,  0.0000E+00,
