    -1
    55
  Untitled                                                                      
NODE N, COORDINATES X,Y,Z AND FORCES FX,FY,FZ,MX,MY,MZ
DATE AND TIME
EMPTY
LOAD CASE         :         1
         1         4         3         4         2         6
         2         1         1         1
 -3.57926E-02
    1 -7.50000E+01 -7.50000E+01 -8.40000E+00  0.00000E+00  0.00000E+00 -1.05272E-03  0.00000E+00  0.00000E+00  0.00000E+00
   52 -7.50000E+01  7.50000E+01 -8.40000E+00  0.00000E+00  0.00000E+00 -1.05275E-03  0.00000E+00  0.00000E+00  0.00000E+00
   53 -7.50000E+01  6.61765E+01 -8.40000E+00  0.00000E+00  0.00000E+00 -2.10550E-03  0.00000E+00  0.00000E+00  0.00000E+00
   54 -7.50000E+01  5.73529E+01 -8.40000E+00  0.00000E+00  0.00000E+00 -2.10550E-03  0.00000E+00  0.00000E+00  0.00000E+00
   55 -7.50000E+01  4.85294E+01 -8.40000E+00  0.00000E+00  0.00000E+00 -2.10551E-03  0.00000E+00  0.00000E+00  0.00000E+00
   56 -7.50000E+01  3.97059E+01 -8.40000E+00  0.00000E+00  0.00000E+00 -2.10550E-03  0.00000E+00  0.00000E+00  0.00000E+00
   57 -7.50000E+01  3.08824E+01 -8.40000E+00  0.00000E+00  0.00000E+00 -2.10547E-03  0.00000E+00  0.00000E+00  0.00000E+00
   58 -7.50000E+01  2.20588E+01 -8.40000E+00  0.00000E+00  0.00000E+00 -2.10544E-03  0.00000E+00  0.00000E+00  0.00000E+00
   59 -7.50000E+01  1.32353E+01 -8.40000E+00  0.00000E+00  0.00000E+00 -2.10541E-03  0.00000E+00  0.00000E+00  0.00000E+00
   60 -7.50000E+01  4.41176E+00 -8.40000E+00  0.00000E+00  0.00000E+00 -2.10540E-03  0.00000E+00  0.00000E+00  0.00000E+00
   61 -7.50000E+01 -4.41176E+00 -8.40000E+00  0.00000E+00  0.00000E+00 -2.10541E-03  0.00000E+00  0.00000E+00  0.00000E+00
   62 -7.50000E+01 -1.32353E+01 -8.40000E+00  0.00000E+00  0.00000E+00 -2.10542E-03  0.00000E+00  0.00000E+00  0.00000E+00
   63 -7.50000E+01 -2.20588E+01 -8.40000E+00  0.00000E+00  0.00000E+00 -2.10543E-03  0.00000E+00  0.00000E+00  0.00000E+00
   64 -7.50000E+01 -3.08824E+01 -8.40000E+00  0.00000E+00  0.00000E+00 -2.10543E-03  0.00000E+00  0.00000E+00  0.00000E+00
   65 -7.50000E+01 -3.97059E+01 -8.40000E+00  0.00000E+00  0.00000E+00 -2.10543E-03  0.00000E+00  0.00000E+00  0.00000E+00
   66 -7.50000E+01 -4.85294E+01 -8.40000E+00  0.00000E+00  0.00000E+00 -2.10543E-03  0.00000E+00  0.00000E+00  0.00000E+00
   67 -7.50000E+01 -5.73529E+01 -8.40000E+00  0.00000E+00  0.00000E+00 -2.10543E-03  0.00000E+00  0.00000E+00  0.00000E+00
   68 -7.50000E+01 -6.61765E+01 -8.40000E+00  0.00000E+00  0.00000E+00 -2.10544E-03  0.00000E+00  0.00000E+00  0.00000E+00
    -1
