C /1/ HEADING CARD (80A1)
C NASLOV
  Untitled
C /2/ FORMAT FOR INPUT DATA (free format)
C INDFOR
    2
C /3/ BASIC DATA FOR THE PROBLEM (4I5,5X.I5)
C NP,NGELEM,NMATM,NPER,NKRT,NCRACK,NCXFEM,IGBM
  324    1    1    1          
C /4/ BASIC DATA FOR THE PROBLEM (6I2,3X,3I5)
C (IOPGL(I),I=1,6),NDIN,ISOPS,ICVEL
 0 0 0 0 0 1       0    0    1
C /5/ DATA FOR POST-PROCESSING (10I5)
C NULAZ,NBLPR,NBLGR,ISTKO,NCVPR,ISTEM,ISTVN,ISTSI,ISTDE,ISTNA
    0    1    1    0    0    0    0    0    0    0    0
C /6/ GROUP OF CARDS WITH DATA FOR BLOCKS (5I5)
C NBL,(NPRGR(NBL,I),I=1,4)
    1    1    1 9000    0
    1    1    1 9000    0
C /7/ DATA FOR RESTART (I5,10X,2I5,2F10.0)
C IREST,       NMODS,ICCGG,    TOLG,    ALFAG
    0              0    0  0.000000  0.000000
C /8/ GROUP OF CARDS WITH DATA FOR TIME STEPS (2I5,F10.0)
C   I,NKDT(I),DTDT(I)    (I=1,NPER)
    1    1  1.000000
C /9/ DATA FOR EQULIBRIUM ITERATIONS (5I5,4F10.0,I5)
C METOD,MAXIT,KONVE,KONVS,KONVM,TOLE,    TOLS,     TOLM,     TOLA,NBRCR
    4   30    1    0    0  0.001000  0.000000  0.000000  0.000000    2
C /10/ GROUP OF CARDS FOR NODAL POINT DATA (I5,A1,6I2,2X,3F10.0,2I5) (K=1,NP)
C  N,CH,(ID(N,I),I=1,6),   (CORD(N,J),J=1,3),      KORC,LJ(N)
    1  0 0 0 0 0 0   -75.00000 -75.00000  -8.50000    0    0
    2  0 0 0 0 0 0   -66.17650 -75.00000  -8.50000    0    0
    3  0 0 0 0 0 0   -57.35290 -75.00000  -8.50000    0    0
    4  0 0 0 0 0 0   -48.52940 -75.00000  -8.50000    0    0
    5  0 0 0 0 0 0   -39.70590 -75.00000  -8.50000    0    0
    6  0 0 0 0 0 0   -30.88230 -75.00000  -8.50000    0    0
    7  0 0 0 0 0 0   -22.05880 -75.00000  -8.50000    0    0
    8  0 0 0 0 0 0   -13.23530 -75.00000  -8.50000    0    0
    9  0 0 0 0 0 0    -4.41176 -75.00000  -8.50000    0    0
   10  0 0 0 0 0 0     4.41176 -75.00000  -8.50000    0    0
   11  0 0 0 0 0 0    13.23530 -75.00000  -8.50000    0    0
   12  0 0 0 0 0 0    22.05880 -75.00000  -8.50000    0    0
   13  0 0 0 0 0 0    30.88230 -75.00000  -8.50000    0    0
   14  0 0 0 0 0 0    39.70590 -75.00000  -8.50000    0    0
   15  0 0 0 0 0 0    48.52940 -75.00000  -8.50000    0    0
   16  0 0 0 0 0 0    57.35290 -75.00000  -8.50000    0    0
   17  0 0 0 0 0 0    66.17650 -75.00000  -8.50000    0    0
   18  1 1 1 1 0 0    75.00000 -75.00000  -8.50000    0    0
   19  1 1 1 1 0 0    75.00000 -66.17650  -8.50000    0    0
   20  1 1 1 1 0 0    75.00000 -57.35290  -8.50000    0    0
   21  1 1 1 1 0 0    75.00000 -48.52940  -8.50000    0    0
   22  1 1 1 1 0 0    75.00000 -39.70590  -8.50000    0    0
   23  1 1 1 1 0 0    75.00000 -30.88230  -8.50000    0    0
   24  1 1 1 1 0 0    75.00000 -22.05880  -8.50000    0    0
   25  1 1 1 1 0 0    75.00000 -13.23530  -8.50000    0    0
   26  1 1 1 1 0 0    75.00000  -4.41176  -8.50000    0    0
   27  1 1 1 1 0 0    75.00000   4.41176  -8.50000    0    0
   28  1 1 1 1 0 0    75.00000  13.23530  -8.50000    0    0
   29  1 1 1 1 0 0    75.00000  22.05880  -8.50000    0    0
   30  1 1 1 1 0 0    75.00000  30.88230  -8.50000    0    0
   31  1 1 1 1 0 0    75.00000  39.70590  -8.50000    0    0
   32  1 1 1 1 0 0    75.00000  48.52940  -8.50000    0    0
   33  1 1 1 1 0 0    75.00000  57.35290  -8.50000    0    0
   34  1 1 1 1 0 0    75.00000  66.17650  -8.50000    0    0
   35  1 1 1 1 0 0    75.00000  75.00000  -8.50000    0    0
   36  0 0 0 0 0 0    66.17650  75.00000  -8.50000    0    0
   37  0 0 0 0 0 0    57.35290  75.00000  -8.50000    0    0
   38  0 0 0 0 0 0    48.52940  75.00000  -8.50000    0    0
   39  0 0 0 0 0 0    39.70590  75.00000  -8.50000    0    0
   40  0 0 0 0 0 0    30.88230  75.00000  -8.50000    0    0
   41  0 0 0 0 0 0    22.05880  75.00000  -8.50000    0    0
   42  0 0 0 0 0 0    13.23530  75.00000  -8.50000    0    0
   43  0 0 0 0 0 0     4.41176  75.00000  -8.50000    0    0
   44  0 0 0 0 0 0    -4.41176  75.00000  -8.50000    0    0
   45  0 0 0 0 0 0   -13.23530  75.00000  -8.50000    0    0
   46  0 0 0 0 0 0   -22.05880  75.00000  -8.50000    0    0
   47  0 0 0 0 0 0   -30.88230  75.00000  -8.50000    0    0
   48  0 0 0 0 0 0   -39.70590  75.00000  -8.50000    0    0
   49  0 0 0 0 0 0   -48.52940  75.00000  -8.50000    0    0
   50  0 0 0 0 0 0   -57.35290  75.00000  -8.50000    0    0
   51  0 0 0 0 0 0   -66.17650  75.00000  -8.50000    0    0
   52  0 0 0 0 0 0   -75.00000  75.00000  -8.50000    0    0
   53  0 0 0 0 0 0   -75.00000  66.17650  -8.50000    0    0
   54  0 0 0 0 0 0   -75.00000  57.35290  -8.50000    0    0
   55  0 0 0 0 0 0   -75.00000  48.52940  -8.50000    0    0
   56  0 0 0 0 0 0   -75.00000  39.70590  -8.50000    0    0
   57  0 0 0 0 0 0   -75.00000  30.88230  -8.50000    0    0
   58  0 0 0 0 0 0   -75.00000  22.05880  -8.50000    0    0
   59  0 0 0 0 0 0   -75.00000  13.23530  -8.50000    0    0
   60  0 0 0 0 0 0   -75.00000   4.41176  -8.50000    0    0
   61  0 0 0 0 0 0   -75.00000  -4.41176  -8.50000    0    0
   62  0 0 0 0 0 0   -75.00000 -13.23530  -8.50000    0    0
   63  0 0 0 0 0 0   -75.00000 -22.05880  -8.50000    0    0
   64  0 0 0 0 0 0   -75.00000 -30.88230  -8.50000    0    0
   65  0 0 0 0 0 0   -75.00000 -39.70590  -8.50000    0    0
   66  0 0 0 0 0 0   -75.00000 -48.52940  -8.50000    0    0
   67  0 0 0 0 0 0   -75.00000 -57.35290  -8.50000    0    0
   68  0 0 0 0 0 0   -75.00000 -66.17650  -8.50000    0    0
   69  0 0 0 0 0 0   -66.17650 -66.17650  -8.50000    0    0
   70  0 0 0 0 0 0   -57.35290 -66.17650  -8.50000    0    0
   71  0 0 0 0 0 0   -48.52940 -66.17650  -8.50000    0    0
   72  0 0 0 0 0 0   -39.70590 -66.17650  -8.50000    0    0
   73  0 0 0 0 0 0   -30.88230 -66.17650  -8.50000    0    0
   74  0 0 0 0 0 0   -22.05880 -66.17650  -8.50000    0    0
   75  0 0 0 0 0 0   -13.23530 -66.17650  -8.50000    0    0
   76  0 0 0 0 0 0    -4.41176 -66.17650  -8.50000    0    0
   77  0 0 0 0 0 0     4.41176 -66.17650  -8.50000    0    0
   78  0 0 0 0 0 0    13.23530 -66.17650  -8.50000    0    0
   79  0 0 0 0 0 0    22.05880 -66.17650  -8.50000    0    0
   80  0 0 0 0 0 0    30.88230 -66.17650  -8.50000    0    0
   81  0 0 0 0 0 0    39.70590 -66.17650  -8.50000    0    0
   82  0 0 0 0 0 0    48.52940 -66.17650  -8.50000    0    0
   83  0 0 0 0 0 0    57.35290 -66.17650  -8.50000    0    0
   84  0 0 0 0 0 0    66.17650 -66.17650  -8.50000    0    0
   85  0 0 0 0 0 0   -66.17650 -57.35290  -8.50000    0    0
   86  0 0 0 0 0 0   -57.35290 -57.35290  -8.50000    0    0
   87  0 0 0 0 0 0   -48.52940 -57.35290  -8.50000    0    0
   88  0 0 0 0 0 0   -39.70590 -57.35290  -8.50000    0    0
   89  0 0 0 0 0 0   -30.88230 -57.35290  -8.50000    0    0
   90  0 0 0 0 0 0   -22.05880 -57.35290  -8.50000    0    0
   91  0 0 0 0 0 0   -13.23530 -57.35290  -8.50000    0    0
   92  0 0 0 0 0 0    -4.41176 -57.35290  -8.50000    0    0
   93  0 0 0 0 0 0     4.41176 -57.35290  -8.50000    0    0
   94  0 0 0 0 0 0    13.23530 -57.35290  -8.50000    0    0
   95  0 0 0 0 0 0    22.05880 -57.35290  -8.50000    0    0
   96  0 0 0 0 0 0    30.88230 -57.35290  -8.50000    0    0
   97  0 0 0 0 0 0    39.70590 -57.35290  -8.50000    0    0
   98  0 0 0 0 0 0    48.52940 -57.35290  -8.50000    0    0
   99  0 0 0 0 0 0    57.35290 -57.35290  -8.50000    0    0
  100  0 0 0 0 0 0    66.17650 -57.35290  -8.50000    0    0
  101  0 0 0 0 0 0   -66.17650 -48.52940  -8.50000    0    0
  102  0 0 0 0 0 0   -57.35290 -48.52940  -8.50000    0    0
  103  0 0 0 0 0 0   -48.52940 -48.52940  -8.50000    0    0
  104  0 0 0 0 0 0   -39.70590 -48.52940  -8.50000    0    0
  105  0 0 0 0 0 0   -30.88230 -48.52940  -8.50000    0    0
  106  0 0 0 0 0 0   -22.05880 -48.52940  -8.50000    0    0
  107  0 0 0 0 0 0   -13.23530 -48.52940  -8.50000    0    0
  108  0 0 0 0 0 0    -4.41176 -48.52940  -8.50000    0    0
  109  0 0 0 0 0 0     4.41176 -48.52940  -8.50000    0    0
  110  0 0 0 0 0 0    13.23530 -48.52940  -8.50000    0    0
  111  0 0 0 0 0 0    22.05880 -48.52940  -8.50000    0    0
  112  0 0 0 0 0 0    30.88230 -48.52940  -8.50000    0    0
  113  0 0 0 0 0 0    39.70590 -48.52940  -8.50000    0    0
  114  0 0 0 0 0 0    48.52940 -48.52940  -8.50000    0    0
  115  0 0 0 0 0 0    57.35290 -48.52940  -8.50000    0    0
  116  0 0 0 0 0 0    66.17650 -48.52940  -8.50000    0    0
  117  0 0 0 0 0 0   -66.17650 -39.70590  -8.50000    0    0
  118  0 0 0 0 0 0   -57.35290 -39.70590  -8.50000    0    0
  119  0 0 0 0 0 0   -48.52940 -39.70590  -8.50000    0    0
  120  0 0 0 0 0 0   -39.70590 -39.70590  -8.50000    0    0
  121  0 0 0 0 0 0   -30.88230 -39.70590  -8.50000    0    0
  122  0 0 0 0 0 0   -22.05880 -39.70590  -8.50000    0    0
  123  0 0 0 0 0 0   -13.23530 -39.70590  -8.50000    0    0
  124  0 0 0 0 0 0    -4.41176 -39.70590  -8.50000    0    0
  125  0 0 0 0 0 0     4.41176 -39.70590  -8.50000    0    0
  126  0 0 0 0 0 0    13.23530 -39.70590  -8.50000    0    0
  127  0 0 0 0 0 0    22.05880 -39.70590  -8.50000    0    0
  128  0 0 0 0 0 0    30.88230 -39.70590  -8.50000    0    0
  129  0 0 0 0 0 0    39.70590 -39.70590  -8.50000    0    0
  130  0 0 0 0 0 0    48.52940 -39.70590  -8.50000    0    0
  131  0 0 0 0 0 0    57.35290 -39.70590  -8.50000    0    0
  132  0 0 0 0 0 0    66.17650 -39.70590  -8.50000    0    0
  133  0 0 0 0 0 0   -66.17650 -30.88230  -8.50000    0    0
  134  0 0 0 0 0 0   -57.35290 -30.88230  -8.50000    0    0
  135  0 0 0 0 0 0   -48.52940 -30.88230  -8.50000    0    0
  136  0 0 0 0 0 0   -39.70590 -30.88230  -8.50000    0    0
  137  0 0 0 0 0 0   -30.88230 -30.88230  -8.50000    0    0
  138  0 0 0 0 0 0   -22.05880 -30.88230  -8.50000    0    0
  139  0 0 0 0 0 0   -13.23530 -30.88230  -8.50000    0    0
  140  0 0 0 0 0 0    -4.41176 -30.88230  -8.50000    0    0
  141  0 0 0 0 0 0     4.41176 -30.88230  -8.50000    0    0
  142  0 0 0 0 0 0    13.23530 -30.88230  -8.50000    0    0
  143  0 0 0 0 0 0    22.05880 -30.88230  -8.50000    0    0
  144  0 0 0 0 0 0    30.88230 -30.88230  -8.50000    0    0
  145  0 0 0 0 0 0    39.70590 -30.88230  -8.50000    0    0
  146  0 0 0 0 0 0    48.52940 -30.88230  -8.50000    0    0
  147  0 0 0 0 0 0    57.35290 -30.88230  -8.50000    0    0
  148  0 0 0 0 0 0    66.17650 -30.88230  -8.50000    0    0
  149  0 0 0 0 0 0   -66.17650 -22.05880  -8.50000    0    0
  150  0 0 0 0 0 0   -57.35290 -22.05880  -8.50000    0    0
  151  0 0 0 0 0 0   -48.52940 -22.05880  -8.50000    0    0
  152  0 0 0 0 0 0   -39.70590 -22.05880  -8.50000    0    0
  153  0 0 0 0 0 0   -30.88230 -22.05880  -8.50000    0    0
  154  0 0 0 0 0 0   -22.05880 -22.05880  -8.50000    0    0
  155  0 0 0 0 0 0   -13.23530 -22.05880  -8.50000    0    0
  156  0 0 0 0 0 0    -4.41176 -22.05880  -8.50000    0    0
  157  0 0 0 0 0 0     4.41176 -22.05880  -8.50000    0    0
  158  0 0 0 0 0 0    13.23530 -22.05880  -8.50000    0    0
  159  0 0 0 0 0 0    22.05880 -22.05880  -8.50000    0    0
  160  0 0 0 0 0 0    30.88230 -22.05880  -8.50000    0    0
  161  0 0 0 0 0 0    39.70590 -22.05880  -8.50000    0    0
  162  0 0 0 0 0 0    48.52940 -22.05880  -8.50000    0    0
  163  0 0 0 0 0 0    57.35290 -22.05880  -8.50000    0    0
  164  0 0 0 0 0 0    66.17650 -22.05880  -8.50000    0    0
  165  0 0 0 0 0 0   -66.17650 -13.23530  -8.50000    0    0
  166  0 0 0 0 0 0   -57.35290 -13.23530  -8.50000    0    0
  167  0 0 0 0 0 0   -48.52940 -13.23530  -8.50000    0    0
  168  0 0 0 0 0 0   -39.70590 -13.23530  -8.50000    0    0
  169  0 0 0 0 0 0   -30.88230 -13.23530  -8.50000    0    0
  170  0 0 0 0 0 0   -22.05880 -13.23530  -8.50000    0    0
  171  0 0 0 0 0 0   -13.23530 -13.23530  -8.50000    0    0
  172  0 0 0 0 0 0    -4.41176 -13.23530  -8.50000    0    0
  173  0 0 0 0 0 0     4.41176 -13.23530  -8.50000    0    0
  174  0 0 0 0 0 0    13.23530 -13.23530  -8.50000    0    0
  175  0 0 0 0 0 0    22.05880 -13.23530  -8.50000    0    0
  176  0 0 0 0 0 0    30.88230 -13.23530  -8.50000    0    0
  177  0 0 0 0 0 0    39.70590 -13.23530  -8.50000    0    0
  178  0 0 0 0 0 0    48.52940 -13.23530  -8.50000    0    0
  179  0 0 0 0 0 0    57.35290 -13.23530  -8.50000    0    0
  180  0 0 0 0 0 0    66.17650 -13.23530  -8.50000    0    0
  181  0 0 0 0 0 0   -66.17650  -4.41176  -8.50000    0    0
  182  0 0 0 0 0 0   -57.35290  -4.41176  -8.50000    0    0
  183  0 0 0 0 0 0   -48.52940  -4.41176  -8.50000    0    0
  184  0 0 0 0 0 0   -39.70590  -4.41176  -8.50000    0    0
  185  0 0 0 0 0 0   -30.88230  -4.41176  -8.50000    0    0
  186  0 0 0 0 0 0   -22.05880  -4.41176  -8.50000    0    0
  187  0 0 0 0 0 0   -13.23530  -4.41176  -8.50000    0    0
  188  0 0 0 0 0 0    -4.41176  -4.41176  -8.50000    0    0
  189  0 0 0 0 0 0     4.41176  -4.41176  -8.50000    0    0
  190  0 0 0 0 0 0    13.23530  -4.41176  -8.50000    0    0
  191  0 0 0 0 0 0    22.05880  -4.41176  -8.50000    0    0
  192  0 0 0 0 0 0    30.88230  -4.41176  -8.50000    0    0
  193  0 0 0 0 0 0    39.70590  -4.41176  -8.50000    0    0
  194  0 0 0 0 0 0    48.52940  -4.41176  -8.50000    0    0
  195  0 0 0 0 0 0    57.35290  -4.41176  -8.50000    0    0
  196  0 0 0 0 0 0    66.17650  -4.41176  -8.50000    0    0
  197  0 0 0 0 0 0   -66.17650   4.41176  -8.50000    0    0
  198  0 0 0 0 0 0   -57.35290   4.41176  -8.50000    0    0
  199  0 0 0 0 0 0   -48.52940   4.41176  -8.50000    0    0
  200  0 0 0 0 0 0   -39.70590   4.41176  -8.50000    0    0
  201  0 0 0 0 0 0   -30.88230   4.41176  -8.50000    0    0
  202  0 0 0 0 0 0   -22.05880   4.41176  -8.50000    0    0
  203  0 0 0 0 0 0   -13.23530   4.41176  -8.50000    0    0
  204  0 0 0 0 0 0    -4.41176   4.41176  -8.50000    0    0
  205  0 0 0 0 0 0     4.41176   4.41176  -8.50000    0    0
  206  0 0 0 0 0 0    13.23530   4.41176  -8.50000    0    0
  207  0 0 0 0 0 0    22.05880   4.41176  -8.50000    0    0
  208  0 0 0 0 0 0    30.88230   4.41176  -8.50000    0    0
  209  0 0 0 0 0 0    39.70590   4.41176  -8.50000    0    0
  210  0 0 0 0 0 0    48.52940   4.41176  -8.50000    0    0
  211  0 0 0 0 0 0    57.35290   4.41176  -8.50000    0    0
  212  0 0 0 0 0 0    66.17650   4.41176  -8.50000    0    0
  213  0 0 0 0 0 0   -66.17650  13.23530  -8.50000    0    0
  214  0 0 0 0 0 0   -57.35290  13.23530  -8.50000    0    0
  215  0 0 0 0 0 0   -48.52940  13.23530  -8.50000    0    0
  216  0 0 0 0 0 0   -39.70590  13.23530  -8.50000    0    0
  217  0 0 0 0 0 0   -30.88230  13.23530  -8.50000    0    0
  218  0 0 0 0 0 0   -22.05880  13.23530  -8.50000    0    0
  219  0 0 0 0 0 0   -13.23530  13.23530  -8.50000    0    0
  220  0 0 0 0 0 0    -4.41176  13.23530  -8.50000    0    0
  221  0 0 0 0 0 0     4.41176  13.23530  -8.50000    0    0
  222  0 0 0 0 0 0    13.23530  13.23530  -8.50000    0    0
  223  0 0 0 0 0 0    22.05880  13.23530  -8.50000    0    0
  224  0 0 0 0 0 0    30.88230  13.23530  -8.50000    0    0
  225  0 0 0 0 0 0    39.70590  13.23530  -8.50000    0    0
  226  0 0 0 0 0 0    48.52940  13.23530  -8.50000    0    0
  227  0 0 0 0 0 0    57.35290  13.23530  -8.50000    0    0
  228  0 0 0 0 0 0    66.17650  13.23530  -8.50000    0    0
  229  0 0 0 0 0 0   -66.17650  22.05880  -8.50000    0    0
  230  0 0 0 0 0 0   -57.35290  22.05880  -8.50000    0    0
  231  0 0 0 0 0 0   -48.52940  22.05880  -8.50000    0    0
  232  0 0 0 0 0 0   -39.70590  22.05880  -8.50000    0    0
  233  0 0 0 0 0 0   -30.88230  22.05880  -8.50000    0    0
  234  0 0 0 0 0 0   -22.05880  22.05880  -8.50000    0    0
  235  0 0 0 0 0 0   -13.23530  22.05880  -8.50000    0    0
  236  0 0 0 0 0 0    -4.41176  22.05880  -8.50000    0    0
  237  0 0 0 0 0 0     4.41176  22.05880  -8.50000    0    0
  238  0 0 0 0 0 0    13.23530  22.05880  -8.50000    0    0
  239  0 0 0 0 0 0    22.05880  22.05880  -8.50000    0    0
  240  0 0 0 0 0 0    30.88230  22.05880  -8.50000    0    0
  241  0 0 0 0 0 0    39.70590  22.05880  -8.50000    0    0
  242  0 0 0 0 0 0    48.52940  22.05880  -8.50000    0    0
  243  0 0 0 0 0 0    57.35290  22.05880  -8.50000    0    0
  244  0 0 0 0 0 0    66.17650  22.05880  -8.50000    0    0
  245  0 0 0 0 0 0   -66.17650  30.88230  -8.50000    0    0
  246  0 0 0 0 0 0   -57.35290  30.88230  -8.50000    0    0
  247  0 0 0 0 0 0   -48.52940  30.88230  -8.50000    0    0
  248  0 0 0 0 0 0   -39.70590  30.88230  -8.50000    0    0
  249  0 0 0 0 0 0   -30.88230  30.88230  -8.50000    0    0
  250  0 0 0 0 0 0   -22.05880  30.88230  -8.50000    0    0
  251  0 0 0 0 0 0   -13.23530  30.88230  -8.50000    0    0
  252  0 0 0 0 0 0    -4.41176  30.88230  -8.50000    0    0
  253  0 0 0 0 0 0     4.41176  30.88230  -8.50000    0    0
  254  0 0 0 0 0 0    13.23530  30.88230  -8.50000    0    0
  255  0 0 0 0 0 0    22.05880  30.88230  -8.50000    0    0
  256  0 0 0 0 0 0    30.88230  30.88230  -8.50000    0    0
  257  0 0 0 0 0 0    39.70590  30.88230  -8.50000    0    0
  258  0 0 0 0 0 0    48.52940  30.88230  -8.50000    0    0
  259  0 0 0 0 0 0    57.35290  30.88230  -8.50000    0    0
  260  0 0 0 0 0 0    66.17650  30.88230  -8.50000    0    0
  261  0 0 0 0 0 0   -66.17650  39.70590  -8.50000    0    0
  262  0 0 0 0 0 0   -57.35290  39.70590  -8.50000    0    0
  263  0 0 0 0 0 0   -48.52940  39.70590  -8.50000    0    0
  264  0 0 0 0 0 0   -39.70590  39.70590  -8.50000    0    0
  265  0 0 0 0 0 0   -30.88230  39.70590  -8.50000    0    0
  266  0 0 0 0 0 0   -22.05880  39.70590  -8.50000    0    0
  267  0 0 0 0 0 0   -13.23530  39.70590  -8.50000    0    0
  268  0 0 0 0 0 0    -4.41176  39.70590  -8.50000    0    0
  269  0 0 0 0 0 0     4.41176  39.70590  -8.50000    0    0
  270  0 0 0 0 0 0    13.23530  39.70590  -8.50000    0    0
  271  0 0 0 0 0 0    22.05880  39.70590  -8.50000    0    0
  272  0 0 0 0 0 0    30.88230  39.70590  -8.50000    0    0
  273  0 0 0 0 0 0    39.70590  39.70590  -8.50000    0    0
  274  0 0 0 0 0 0    48.52940  39.70590  -8.50000    0    0
  275  0 0 0 0 0 0    57.35290  39.70590  -8.50000    0    0
  276  0 0 0 0 0 0    66.17650  39.70590  -8.50000    0    0
  277  0 0 0 0 0 0   -66.17650  48.52940  -8.50000    0    0
  278  0 0 0 0 0 0   -57.35290  48.52940  -8.50000    0    0
  279  0 0 0 0 0 0   -48.52940  48.52940  -8.50000    0    0
  280  0 0 0 0 0 0   -39.70590  48.52940  -8.50000    0    0
  281  0 0 0 0 0 0   -30.88230  48.52940  -8.50000    0    0
  282  0 0 0 0 0 0   -22.05880  48.52940  -8.50000    0    0
  283  0 0 0 0 0 0   -13.23530  48.52940  -8.50000    0    0
  284  0 0 0 0 0 0    -4.41176  48.52940  -8.50000    0    0
  285  0 0 0 0 0 0     4.41176  48.52940  -8.50000    0    0
  286  0 0 0 0 0 0    13.23530  48.52940  -8.50000    0    0
  287  0 0 0 0 0 0    22.05880  48.52940  -8.50000    0    0
  288  0 0 0 0 0 0    30.88230  48.52940  -8.50000    0    0
  289  0 0 0 0 0 0    39.70590  48.52940  -8.50000    0    0
  290  0 0 0 0 0 0    48.52940  48.52940  -8.50000    0    0
  291  0 0 0 0 0 0    57.35290  48.52940  -8.50000    0    0
  292  0 0 0 0 0 0    66.17650  48.52940  -8.50000    0    0
  293  0 0 0 0 0 0   -66.17650  57.35290  -8.50000    0    0
  294  0 0 0 0 0 0   -57.35290  57.35290  -8.50000    0    0
  295  0 0 0 0 0 0   -48.52940  57.35290  -8.50000    0    0
  296  0 0 0 0 0 0   -39.70590  57.35290  -8.50000    0    0
  297  0 0 0 0 0 0   -30.88230  57.35290  -8.50000    0    0
  298  0 0 0 0 0 0   -22.05880  57.35290  -8.50000    0    0
  299  0 0 0 0 0 0   -13.23530  57.35290  -8.50000    0    0
  300  0 0 0 0 0 0    -4.41176  57.35290  -8.50000    0    0
  301  0 0 0 0 0 0     4.41176  57.35290  -8.50000    0    0
  302  0 0 0 0 0 0    13.23530  57.35290  -8.50000    0    0
  303  0 0 0 0 0 0    22.05880  57.35290  -8.50000    0    0
  304  0 0 0 0 0 0    30.88230  57.35290  -8.50000    0    0
  305  0 0 0 0 0 0    39.70590  57.35290  -8.50000    0    0
  306  0 0 0 0 0 0    48.52940  57.35290  -8.50000    0    0
  307  0 0 0 0 0 0    57.35290  57.35290  -8.50000    0    0
  308  0 0 0 0 0 0    66.17650  57.35290  -8.50000    0    0
  309  0 0 0 0 0 0   -66.17650  66.17650  -8.50000    0    0
  310  0 0 0 0 0 0   -57.35290  66.17650  -8.50000    0    0
  311  0 0 0 0 0 0   -48.52940  66.17650  -8.50000    0    0
  312  0 0 0 0 0 0   -39.70590  66.17650  -8.50000    0    0
  313  0 0 0 0 0 0   -30.88230  66.17650  -8.50000    0    0
  314  0 0 0 0 0 0   -22.05880  66.17650  -8.50000    0    0
  315  0 0 0 0 0 0   -13.23530  66.17650  -8.50000    0    0
  316  0 0 0 0 0 0    -4.41176  66.17650  -8.50000    0    0
  317  0 0 0 0 0 0     4.41176  66.17650  -8.50000    0    0
  318  0 0 0 0 0 0    13.23530  66.17650  -8.50000    0    0
  319  0 0 0 0 0 0    22.05880  66.17650  -8.50000    0    0
  320  0 0 0 0 0 0    30.88230  66.17650  -8.50000    0    0
  321  0 0 0 0 0 0    39.70590  66.17650  -8.50000    0    0
  322  0 0 0 0 0 0    48.52940  66.17650  -8.50000    0    0
  323  0 0 0 0 0 0    57.35290  66.17650  -8.50000    0    0
  324  0 0 0 0 0 0    66.17650  66.17650  -8.50000    0    0
C /11/ GENERAL DATA FOR MATERIAL MODELS (3I5)
C (MODEL(I,K),I=1,3)    (K=1,NMATM)
    1    1   20
C /12/ DATA FOR EACH MATERIAL (2I5,F10.0)
C MOD  MAT     GUST
    1    10.0000e+00
C /12-1/ MATERIAL MODEL 1 (ELASTIC-ISOTROPIC)
C YOUNGS MODULI (F10.0)
C        E
1.0000e+07
C POISSONS RATIO (F10.0)
C        V
3.0000e-01
C /13/ ELEMENT GROUP DATA (7I5,3F10.0)    (I=1,NGELEM)
C NETIP,NE,IATYP,NMODM,INDBTH,INDDTH,INDKOV, COEF1, COEF2, COEF3
   84  289    0    1    0    0    0    0  0.000000  0.000000  0.000000
C /13-2/ DATA FOR 2D ISOPARAMETRIC ELEMENTS
C a) First card with basic data for the element group (4I5,F10.0,I5,3F10.0,I5)
C NGAUSX,NGAUSY,NGAUSZ,MSET,BETA,MSLOJ,CPP1,CPP2,CPP3,IALFA
    2    2    2    0  0.000000    0  0.000000  0.000000  0.000000    0
C b) Card wiht data for the current element (5I5,F10.0,I5,2F10.0)
C NN,NMAT,IPRCO,ISNA,IPGS,THI,KORC,BTH,DTH
C c) Card with nodal point data for the current element (9I5)
C (NEL(NN,I),I=1,9)
    1    1    0    0    0  1.210000    0  0.000000  0.000000
    1    2   69   68
    2    1    0    0    0  1.210000    0  0.000000  0.000000
    2    3   70   69
    3    1    0    0    0  1.210000    0  0.000000  0.000000
    3    4   71   70
    4    1    0    0    0  1.210000    0  0.000000  0.000000
    4    5   72   71
    5    1    0    0    0  1.210000    0  0.000000  0.000000
    5    6   73   72
    6    1    0    0    0  1.210000    0  0.000000  0.000000
    6    7   74   73
    7    1    0    0    0  1.210000    0  0.000000  0.000000
    7    8   75   74
    8    1    0    0    0  1.210000    0  0.000000  0.000000
    8    9   76   75
    9    1    0    0    0  1.210000    0  0.000000  0.000000
    9   10   77   76
   10    1    0    0    0  1.210000    0  0.000000  0.000000
   10   11   78   77
   11    1    0    0    0  1.210000    0  0.000000  0.000000
   11   12   79   78
   12    1    0    0    0  1.210000    0  0.000000  0.000000
   12   13   80   79
   13    1    0    0    0  1.210000    0  0.000000  0.000000
   13   14   81   80
   14    1    0    0    0  1.210000    0  0.000000  0.000000
   14   15   82   81
   15    1    0    0    0  1.210000    0  0.000000  0.000000
   15   16   83   82
   16    1    0    0    0  1.210000    0  0.000000  0.000000
   16   17   84   83
   17    1    0    0    0  1.210000    0  0.000000  0.000000
   17   18   19   84
   18    1    0    0    0  1.210000    0  0.000000  0.000000
   68   69   85   67
   19    1    0    0    0  1.210000    0  0.000000  0.000000
   69   70   86   85
   20    1    0    0    0  1.210000    0  0.000000  0.000000
   70   71   87   86
   21    1    0    0    0  1.210000    0  0.000000  0.000000
   71   72   88   87
   22    1    0    0    0  1.210000    0  0.000000  0.000000
   72   73   89   88
   23    1    0    0    0  1.210000    0  0.000000  0.000000
   73   74   90   89
   24    1    0    0    0  1.210000    0  0.000000  0.000000
   74   75   91   90
   25    1    0    0    0  1.210000    0  0.000000  0.000000
   75   76   92   91
   26    1    0    0    0  1.210000    0  0.000000  0.000000
   76   77   93   92
   27    1    0    0    0  1.210000    0  0.000000  0.000000
   77   78   94   93
   28    1    0    0    0  1.210000    0  0.000000  0.000000
   78   79   95   94
   29    1    0    0    0  1.210000    0  0.000000  0.000000
   79   80   96   95
   30    1    0    0    0  1.210000    0  0.000000  0.000000
   80   81   97   96
   31    1    0    0    0  1.210000    0  0.000000  0.000000
   81   82   98   97
   32    1    0    0    0  1.210000    0  0.000000  0.000000
   82   83   99   98
   33    1    0    0    0  1.210000    0  0.000000  0.000000
   83   84  100   99
   34    1    0    0    0  1.210000    0  0.000000  0.000000
   84   19   20  100
   35    1    0    0    0  1.210000    0  0.000000  0.000000
   67   85  101   66
   36    1    0    0    0  1.210000    0  0.000000  0.000000
   85   86  102  101
   37    1    0    0    0  1.210000    0  0.000000  0.000000
   86   87  103  102
   38    1    0    0    0  1.210000    0  0.000000  0.000000
   87   88  104  103
   39    1    0    0    0  1.210000    0  0.000000  0.000000
   88   89  105  104
   40    1    0    0    0  1.210000    0  0.000000  0.000000
   89   90  106  105
   41    1    0    0    0  1.210000    0  0.000000  0.000000
   90   91  107  106
   42    1    0    0    0  1.210000    0  0.000000  0.000000
   91   92  108  107
   43    1    0    0    0  1.210000    0  0.000000  0.000000
   92   93  109  108
   44    1    0    0    0  1.210000    0  0.000000  0.000000
   93   94  110  109
   45    1    0    0    0  1.210000    0  0.000000  0.000000
   94   95  111  110
   46    1    0    0    0  1.210000    0  0.000000  0.000000
   95   96  112  111
   47    1    0    0    0  1.210000    0  0.000000  0.000000
   96   97  113  112
   48    1    0    0    0  1.210000    0  0.000000  0.000000
   97   98  114  113
   49    1    0    0    0  1.210000    0  0.000000  0.000000
   98   99  115  114
   50    1    0    0    0  1.210000    0  0.000000  0.000000
   99  100  116  115
   51    1    0    0    0  1.210000    0  0.000000  0.000000
  100   20   21  116
   52    1    0    0    0  1.210000    0  0.000000  0.000000
   66  101  117   65
   53    1    0    0    0  1.210000    0  0.000000  0.000000
  101  102  118  117
   54    1    0    0    0  1.210000    0  0.000000  0.000000
  102  103  119  118
   55    1    0    0    0  1.210000    0  0.000000  0.000000
  103  104  120  119
   56    1    0    0    0  1.210000    0  0.000000  0.000000
  104  105  121  120
   57    1    0    0    0  1.210000    0  0.000000  0.000000
  105  106  122  121
   58    1    0    0    0  1.210000    0  0.000000  0.000000
  106  107  123  122
   59    1    0    0    0  1.210000    0  0.000000  0.000000
  107  108  124  123
   60    1    0    0    0  1.210000    0  0.000000  0.000000
  108  109  125  124
   61    1    0    0    0  1.210000    0  0.000000  0.000000
  109  110  126  125
   62    1    0    0    0  1.210000    0  0.000000  0.000000
  110  111  127  126
   63    1    0    0    0  1.210000    0  0.000000  0.000000
  111  112  128  127
   64    1    0    0    0  1.210000    0  0.000000  0.000000
  112  113  129  128
   65    1    0    0    0  1.210000    0  0.000000  0.000000
  113  114  130  129
   66    1    0    0    0  1.210000    0  0.000000  0.000000
  114  115  131  130
   67    1    0    0    0  1.210000    0  0.000000  0.000000
  115  116  132  131
   68    1    0    0    0  1.210000    0  0.000000  0.000000
  116   21   22  132
   69    1    0    0    0  1.210000    0  0.000000  0.000000
   65  117  133   64
   70    1    0    0    0  1.210000    0  0.000000  0.000000
  117  118  134  133
   71    1    0    0    0  1.210000    0  0.000000  0.000000
  118  119  135  134
   72    1    0    0    0  1.210000    0  0.000000  0.000000
  119  120  136  135
   73    1    0    0    0  1.210000    0  0.000000  0.000000
  120  121  137  136
   74    1    0    0    0  1.210000    0  0.000000  0.000000
  121  122  138  137
   75    1    0    0    0  1.210000    0  0.000000  0.000000
  122  123  139  138
   76    1    0    0    0  1.210000    0  0.000000  0.000000
  123  124  140  139
   77    1    0    0    0  1.210000    0  0.000000  0.000000
  124  125  141  140
   78    1    0    0    0  1.210000    0  0.000000  0.000000
  125  126  142  141
   79    1    0    0    0  1.210000    0  0.000000  0.000000
  126  127  143  142
   80    1    0    0    0  1.210000    0  0.000000  0.000000
  127  128  144  143
   81    1    0    0    0  1.210000    0  0.000000  0.000000
  128  129  145  144
   82    1    0    0    0  1.210000    0  0.000000  0.000000
  129  130  146  145
   83    1    0    0    0  1.210000    0  0.000000  0.000000
  130  131  147  146
   84    1    0    0    0  1.210000    0  0.000000  0.000000
  131  132  148  147
   85    1    0    0    0  1.210000    0  0.000000  0.000000
  132   22   23  148
   86    1    0    0    0  1.210000    0  0.000000  0.000000
   64  133  149   63
   87    1    0    0    0  1.210000    0  0.000000  0.000000
  133  134  150  149
   88    1    0    0    0  1.210000    0  0.000000  0.000000
  134  135  151  150
   89    1    0    0    0  1.210000    0  0.000000  0.000000
  135  136  152  151
   90    1    0    0    0  1.210000    0  0.000000  0.000000
  136  137  153  152
   91    1    0    0    0  1.210000    0  0.000000  0.000000
  137  138  154  153
   92    1    0    0    0  1.210000    0  0.000000  0.000000
  138  139  155  154
   93    1    0    0    0  1.210000    0  0.000000  0.000000
  139  140  156  155
   94    1    0    0    0  1.210000    0  0.000000  0.000000
  140  141  157  156
   95    1    0    0    0  1.210000    0  0.000000  0.000000
  141  142  158  157
   96    1    0    0    0  1.210000    0  0.000000  0.000000
  142  143  159  158
   97    1    0    0    0  1.210000    0  0.000000  0.000000
  143  144  160  159
   98    1    0    0    0  1.210000    0  0.000000  0.000000
  144  145  161  160
   99    1    0    0    0  1.210000    0  0.000000  0.000000
  145  146  162  161
  100    1    0    0    0  1.210000    0  0.000000  0.000000
  146  147  163  162
  101    1    0    0    0  1.210000    0  0.000000  0.000000
  147  148  164  163
  102    1    0    0    0  1.210000    0  0.000000  0.000000
  148   23   24  164
  103    1    0    0    0  1.210000    0  0.000000  0.000000
   63  149  165   62
  104    1    0    0    0  1.210000    0  0.000000  0.000000
  149  150  166  165
  105    1    0    0    0  1.210000    0  0.000000  0.000000
  150  151  167  166
  106    1    0    0    0  1.210000    0  0.000000  0.000000
  151  152  168  167
  107    1    0    0    0  1.210000    0  0.000000  0.000000
  152  153  169  168
  108    1    0    0    0  1.210000    0  0.000000  0.000000
  153  154  170  169
  109    1    0    0    0  1.210000    0  0.000000  0.000000
  154  155  171  170
  110    1    0    0    0  1.210000    0  0.000000  0.000000
  155  156  172  171
  111    1    0    0    0  1.210000    0  0.000000  0.000000
  156  157  173  172
  112    1    0    0    0  1.210000    0  0.000000  0.000000
  157  158  174  173
  113    1    0    0    0  1.210000    0  0.000000  0.000000
  158  159  175  174
  114    1    0    0    0  1.210000    0  0.000000  0.000000
  159  160  176  175
  115    1    0    0    0  1.210000    0  0.000000  0.000000
  160  161  177  176
  116    1    0    0    0  1.210000    0  0.000000  0.000000
  161  162  178  177
  117    1    0    0    0  1.210000    0  0.000000  0.000000
  162  163  179  178
  118    1    0    0    0  1.210000    0  0.000000  0.000000
  163  164  180  179
  119    1    0    0    0  1.210000    0  0.000000  0.000000
  164   24   25  180
  120    1    0    0    0  1.210000    0  0.000000  0.000000
   62  165  181   61
  121    1    0    0    0  1.210000    0  0.000000  0.000000
  165  166  182  181
  122    1    0    0    0  1.210000    0  0.000000  0.000000
  166  167  183  182
  123    1    0    0    0  1.210000    0  0.000000  0.000000
  167  168  184  183
  124    1    0    0    0  1.210000    0  0.000000  0.000000
  168  169  185  184
  125    1    0    0    0  1.210000    0  0.000000  0.000000
  169  170  186  185
  126    1    0    0    0  1.210000    0  0.000000  0.000000
  170  171  187  186
  127    1    0    0    0  1.210000    0  0.000000  0.000000
  171  172  188  187
  128    1    0    0    0  1.210000    0  0.000000  0.000000
  172  173  189  188
  129    1    0    0    0  1.210000    0  0.000000  0.000000
  173  174  190  189
  130    1    0    0    0  1.210000    0  0.000000  0.000000
  174  175  191  190
  131    1    0    0    0  1.210000    0  0.000000  0.000000
  175  176  192  191
  132    1    0    0    0  1.210000    0  0.000000  0.000000
  176  177  193  192
  133    1    0    0    0  1.210000    0  0.000000  0.000000
  177  178  194  193
  134    1    0    0    0  1.210000    0  0.000000  0.000000
  178  179  195  194
  135    1    0    0    0  1.210000    0  0.000000  0.000000
  179  180  196  195
  136    1    0    0    0  1.210000    0  0.000000  0.000000
  180   25   26  196
  137    1    0    0    0  1.210000    0  0.000000  0.000000
   61  181  197   60
  138    1    0    0    0  1.210000    0  0.000000  0.000000
  181  182  198  197
  139    1    0    0    0  1.210000    0  0.000000  0.000000
  182  183  199  198
  140    1    0    0    0  1.210000    0  0.000000  0.000000
  183  184  200  199
  141    1    0    0    0  1.210000    0  0.000000  0.000000
  184  185  201  200
  142    1    0    0    0  1.210000    0  0.000000  0.000000
  185  186  202  201
  143    1    0    0    0  1.210000    0  0.000000  0.000000
  186  187  203  202
  144    1    0    0    0  1.210000    0  0.000000  0.000000
  187  188  204  203
  145    1    0    0    0  1.210000    0  0.000000  0.000000
  188  189  205  204
  146    1    0    0    0  1.210000    0  0.000000  0.000000
  189  190  206  205
  147    1    0    0    0  1.210000    0  0.000000  0.000000
  190  191  207  206
  148    1    0    0    0  1.210000    0  0.000000  0.000000
  191  192  208  207
  149    1    0    0    0  1.210000    0  0.000000  0.000000
  192  193  209  208
  150    1    0    0    0  1.210000    0  0.000000  0.000000
  193  194  210  209
  151    1    0    0    0  1.210000    0  0.000000  0.000000
  194  195  211  210
  152    1    0    0    0  1.210000    0  0.000000  0.000000
  195  196  212  211
  153    1    0    0    0  1.210000    0  0.000000  0.000000
  196   26   27  212
  154    1    0    0    0  1.210000    0  0.000000  0.000000
   60  197  213   59
  155    1    0    0    0  1.210000    0  0.000000  0.000000
  197  198  214  213
  156    1    0    0    0  1.210000    0  0.000000  0.000000
  198  199  215  214
  157    1    0    0    0  1.210000    0  0.000000  0.000000
  199  200  216  215
  158    1    0    0    0  1.210000    0  0.000000  0.000000
  200  201  217  216
  159    1    0    0    0  1.210000    0  0.000000  0.000000
  201  202  218  217
  160    1    0    0    0  1.210000    0  0.000000  0.000000
  202  203  219  218
  161    1    0    0    0  1.210000    0  0.000000  0.000000
  203  204  220  219
  162    1    0    0    0  1.210000    0  0.000000  0.000000
  204  205  221  220
  163    1    0    0    0  1.210000    0  0.000000  0.000000
  205  206  222  221
  164    1    0    0    0  1.210000    0  0.000000  0.000000
  206  207  223  222
  165    1    0    0    0  1.210000    0  0.000000  0.000000
  207  208  224  223
  166    1    0    0    0  1.210000    0  0.000000  0.000000
  208  209  225  224
  167    1    0    0    0  1.210000    0  0.000000  0.000000
  209  210  226  225
  168    1    0    0    0  1.210000    0  0.000000  0.000000
  210  211  227  226
  169    1    0    0    0  1.210000    0  0.000000  0.000000
  211  212  228  227
  170    1    0    0    0  1.210000    0  0.000000  0.000000
  212   27   28  228
  171    1    0    0    0  1.210000    0  0.000000  0.000000
   59  213  229   58
  172    1    0    0    0  1.210000    0  0.000000  0.000000
  213  214  230  229
  173    1    0    0    0  1.210000    0  0.000000  0.000000
  214  215  231  230
  174    1    0    0    0  1.210000    0  0.000000  0.000000
  215  216  232  231
  175    1    0    0    0  1.210000    0  0.000000  0.000000
  216  217  233  232
  176    1    0    0    0  1.210000    0  0.000000  0.000000
  217  218  234  233
  177    1    0    0    0  1.210000    0  0.000000  0.000000
  218  219  235  234
  178    1    0    0    0  1.210000    0  0.000000  0.000000
  219  220  236  235
  179    1    0    0    0  1.210000    0  0.000000  0.000000
  220  221  237  236
  180    1    0    0    0  1.210000    0  0.000000  0.000000
  221  222  238  237
  181    1    0    0    0  1.210000    0  0.000000  0.000000
  222  223  239  238
  182    1    0    0    0  1.210000    0  0.000000  0.000000
  223  224  240  239
  183    1    0    0    0  1.210000    0  0.000000  0.000000
  224  225  241  240
  184    1    0    0    0  1.210000    0  0.000000  0.000000
  225  226  242  241
  185    1    0    0    0  1.210000    0  0.000000  0.000000
  226  227  243  242
  186    1    0    0    0  1.210000    0  0.000000  0.000000
  227  228  244  243
  187    1    0    0    0  1.210000    0  0.000000  0.000000
  228   28   29  244
  188    1    0    0    0  1.210000    0  0.000000  0.000000
   58  229  245   57
  189    1    0    0    0  1.210000    0  0.000000  0.000000
  229  230  246  245
  190    1    0    0    0  1.210000    0  0.000000  0.000000
  230  231  247  246
  191    1    0    0    0  1.210000    0  0.000000  0.000000
  231  232  248  247
  192    1    0    0    0  1.210000    0  0.000000  0.000000
  232  233  249  248
  193    1    0    0    0  1.210000    0  0.000000  0.000000
  233  234  250  249
  194    1    0    0    0  1.210000    0  0.000000  0.000000
  234  235  251  250
  195    1    0    0    0  1.210000    0  0.000000  0.000000
  235  236  252  251
  196    1    0    0    0  1.210000    0  0.000000  0.000000
  236  237  253  252
  197    1    0    0    0  1.210000    0  0.000000  0.000000
  237  238  254  253
  198    1    0    0    0  1.210000    0  0.000000  0.000000
  238  239  255  254
  199    1    0    0    0  1.210000    0  0.000000  0.000000
  239  240  256  255
  200    1    0    0    0  1.210000    0  0.000000  0.000000
  240  241  257  256
  201    1    0    0    0  1.210000    0  0.000000  0.000000
  241  242  258  257
  202    1    0    0    0  1.210000    0  0.000000  0.000000
  242  243  259  258
  203    1    0    0    0  1.210000    0  0.000000  0.000000
  243  244  260  259
  204    1    0    0    0  1.210000    0  0.000000  0.000000
  244   29   30  260
  205    1    0    0    0  1.210000    0  0.000000  0.000000
   57  245  261   56
  206    1    0    0    0  1.210000    0  0.000000  0.000000
  245  246  262  261
  207    1    0    0    0  1.210000    0  0.000000  0.000000
  246  247  263  262
  208    1    0    0    0  1.210000    0  0.000000  0.000000
  247  248  264  263
  209    1    0    0    0  1.210000    0  0.000000  0.000000
  248  249  265  264
  210    1    0    0    0  1.210000    0  0.000000  0.000000
  249  250  266  265
  211    1    0    0    0  1.210000    0  0.000000  0.000000
  250  251  267  266
  212    1    0    0    0  1.210000    0  0.000000  0.000000
  251  252  268  267
  213    1    0    0    0  1.210000    0  0.000000  0.000000
  252  253  269  268
  214    1    0    0    0  1.210000    0  0.000000  0.000000
  253  254  270  269
  215    1    0    0    0  1.210000    0  0.000000  0.000000
  254  255  271  270
  216    1    0    0    0  1.210000    0  0.000000  0.000000
  255  256  272  271
  217    1    0    0    0  1.210000    0  0.000000  0.000000
  256  257  273  272
  218    1    0    0    0  1.210000    0  0.000000  0.000000
  257  258  274  273
  219    1    0    0    0  1.210000    0  0.000000  0.000000
  258  259  275  274
  220    1    0    0    0  1.210000    0  0.000000  0.000000
  259  260  276  275
  221    1    0    0    0  1.210000    0  0.000000  0.000000
  260   30   31  276
  222    1    0    0    0  1.210000    0  0.000000  0.000000
   56  261  277   55
  223    1    0    0    0  1.210000    0  0.000000  0.000000
  261  262  278  277
  224    1    0    0    0  1.210000    0  0.000000  0.000000
  262  263  279  278
  225    1    0    0    0  1.210000    0  0.000000  0.000000
  263  264  280  279
  226    1    0    0    0  1.210000    0  0.000000  0.000000
  264  265  281  280
  227    1    0    0    0  1.210000    0  0.000000  0.000000
  265  266  282  281
  228    1    0    0    0  1.210000    0  0.000000  0.000000
  266  267  283  282
  229    1    0    0    0  1.210000    0  0.000000  0.000000
  267  268  284  283
  230    1    0    0    0  1.210000    0  0.000000  0.000000
  268  269  285  284
  231    1    0    0    0  1.210000    0  0.000000  0.000000
  269  270  286  285
  232    1    0    0    0  1.210000    0  0.000000  0.000000
  270  271  287  286
  233    1    0    0    0  1.210000    0  0.000000  0.000000
  271  272  288  287
  234    1    0    0    0  1.210000    0  0.000000  0.000000
  272  273  289  288
  235    1    0    0    0  1.210000    0  0.000000  0.000000
  273  274  290  289
  236    1    0    0    0  1.210000    0  0.000000  0.000000
  274  275  291  290
  237    1    0    0    0  1.210000    0  0.000000  0.000000
  275  276  292  291
  238    1    0    0    0  1.210000    0  0.000000  0.000000
  276   31   32  292
  239    1    0    0    0  1.210000    0  0.000000  0.000000
   55  277  293   54
  240    1    0    0    0  1.210000    0  0.000000  0.000000
  277  278  294  293
  241    1    0    0    0  1.210000    0  0.000000  0.000000
  278  279  295  294
  242    1    0    0    0  1.210000    0  0.000000  0.000000
  279  280  296  295
  243    1    0    0    0  1.210000    0  0.000000  0.000000
  280  281  297  296
  244    1    0    0    0  1.210000    0  0.000000  0.000000
  281  282  298  297
  245    1    0    0    0  1.210000    0  0.000000  0.000000
  282  283  299  298
  246    1    0    0    0  1.210000    0  0.000000  0.000000
  283  284  300  299
  247    1    0    0    0  1.210000    0  0.000000  0.000000
  284  285  301  300
  248    1    0    0    0  1.210000    0  0.000000  0.000000
  285  286  302  301
  249    1    0    0    0  1.210000    0  0.000000  0.000000
  286  287  303  302
  250    1    0    0    0  1.210000    0  0.000000  0.000000
  287  288  304  303
  251    1    0    0    0  1.210000    0  0.000000  0.000000
  288  289  305  304
  252    1    0    0    0  1.210000    0  0.000000  0.000000
  289  290  306  305
  253    1    0    0    0  1.210000    0  0.000000  0.000000
  290  291  307  306
  254    1    0    0    0  1.210000    0  0.000000  0.000000
  291  292  308  307
  255    1    0    0    0  1.210000    0  0.000000  0.000000
  292   32   33  308
  256    1    0    0    0  1.210000    0  0.000000  0.000000
   54  293  309   53
  257    1    0    0    0  1.210000    0  0.000000  0.000000
  293  294  310  309
  258    1    0    0    0  1.210000    0  0.000000  0.000000
  294  295  311  310
  259    1    0    0    0  1.210000    0  0.000000  0.000000
  295  296  312  311
  260    1    0    0    0  1.210000    0  0.000000  0.000000
  296  297  313  312
  261    1    0    0    0  1.210000    0  0.000000  0.000000
  297  298  314  313
  262    1    0    0    0  1.210000    0  0.000000  0.000000
  298  299  315  314
  263    1    0    0    0  1.210000    0  0.000000  0.000000
  299  300  316  315
  264    1    0    0    0  1.210000    0  0.000000  0.000000
  300  301  317  316
  265    1    0    0    0  1.210000    0  0.000000  0.000000
  301  302  318  317
  266    1    0    0    0  1.210000    0  0.000000  0.000000
  302  303  319  318
  267    1    0    0    0  1.210000    0  0.000000  0.000000
  303  304  320  319
  268    1    0    0    0  1.210000    0  0.000000  0.000000
  304  305  321  320
  269    1    0    0    0  1.210000    0  0.000000  0.000000
  305  306  322  321
  270    1    0    0    0  1.210000    0  0.000000  0.000000
  306  307  323  322
  271    1    0    0    0  1.210000    0  0.000000  0.000000
  307  308  324  323
  272    1    0    0    0  1.210000    0  0.000000  0.000000
  308   33   34  324
  273    1    0    0    0  1.210000    0  0.000000  0.000000
   53  309   51   52
  274    1    0    0    0  1.210000    0  0.000000  0.000000
  309  310   50   51
  275    1    0    0    0  1.210000    0  0.000000  0.000000
  310  311   49   50
  276    1    0    0    0  1.210000    0  0.000000  0.000000
  311  312   48   49
  277    1    0    0    0  1.210000    0  0.000000  0.000000
  312  313   47   48
  278    1    0    0    0  1.210000    0  0.000000  0.000000
  313  314   46   47
  279    1    0    0    0  1.210000    0  0.000000  0.000000
  314  315   45   46
  280    1    0    0    0  1.210000    0  0.000000  0.000000
  315  316   44   45
  281    1    0    0    0  1.210000    0  0.000000  0.000000
  316  317   43   44
  282    1    0    0    0  1.210000    0  0.000000  0.000000
  317  318   42   43
  283    1    0    0    0  1.210000    0  0.000000  0.000000
  318  319   41   42
  284    1    0    0    0  1.210000    0  0.000000  0.000000
  319  320   40   41
  285    1    0    0    0  1.210000    0  0.000000  0.000000
  320  321   39   40
  286    1    0    0    0  1.210000    0  0.000000  0.000000
  321  322   38   39
  287    1    0    0    0  1.210000    0  0.000000  0.000000
  322  323   37   38
  288    1    0    0    0  1.210000    0  0.000000  0.000000
  323  324   36   37
  289    1    0    0    0  1.210000    0  0.000000  0.000000
  324   34   35   36
C /14/ DATA ABOUT TIME FUNCTIONS (2I5)
C NTABFT,MAXTFT
    1  100
C a) Data about function in a table form (2I5)
C IBR,IMAX    (IMAX.LE.MAXTFT)
    1    2
C b) Values for argument - function (2F10.0)
C ((FN(I,IBR,J),I=1,2),J=1,IMAX)
 0.0000e+0 1.0000e+0
 1.0000e+4 1.0000e+0
C /15/ GENERAL DATA ABOUT LOADS (4I5,5X,5I5)
C NCF,NPP2,NPP3, NPGR,    NPLJ,NTEMP,NZADP,INDZS,ICERNE

C /16/ FINAL CARD (A4)
STOP